0 22.8311 0.4146 0.1000 11.8335 3.0429e-01 0.2140 0.0000 0.0000 700.0000 
1 16.6544 0.7962 0.1000 31.0944 3.5590e-01 0.3321 0.0000 0.0000 700.0000 
2 26.7274 0.7789 0.1000 7.2098 4.8600e-01 0.4498 0.0000 0.0000 700.0000 
3 29.2660 0.5399 0.1000 2.2692 2.8201e-01 0.1051 0.0000 0.0000 700.0000 
4 18.3601 0.5506 0.1000 36.2313 9.3787e-02 0.4318 0.0000 0.0000 700.0000 
5 22.5305 0.5452 0.1000 23.3942 2.5898e-01 0.0421 0.0000 0.0000 700.0000 
6 19.0460 0.6639 0.1000 0.6753 3.9202e-01 0.2803 0.0000 0.0000 700.0000 
7 29.5063 0.4700 0.1000 0.0761 1.1740e-01 0.3446 0.0000 0.0000 700.0000 
8 15.0984 0.4291 0.1000 0.1259 3.5210e-01 0.3270 0.0000 0.0000 700.0000 
9 14.3733 0.7865 0.1000 9.7456 3.5962e-01 0.2914 0.0000 0.0000 700.0000 
10 29.2904 0.4127 0.1000 22.7380 2.2673e-01 0.1383 0.0000 0.0000 700.0000 
11 14.2236 0.4767 0.1000 11.3568 4.8403e-02 0.1309 0.0000 0.0000 700.0000 
12 18.5807 0.6898 0.1000 43.2436 1.1399e-01 0.0321 0.0000 0.0000 700.0000 
13 19.4010 0.4851 0.1000 19.6586 2.5049e-01 0.4795 0.0000 0.0000 700.0000 
14 16.1885 0.6304 0.1000 39.2371 5.9552e-03 0.0032 0.0000 0.0000 700.0000 
15 17.8721 0.5918 0.1000 14.5800 3.2680e-01 0.4044 0.0000 0.0000 700.0000 
16 10.6469 0.4865 0.1000 11.6674 4.5403e-01 0.3853 0.0000 0.0000 700.0000 
17 27.4811 0.7786 0.1000 11.8035 4.1535e-01 0.1339 0.0000 0.0000 700.0000 
18 27.1692 0.4763 0.1000 40.3040 8.7328e-02 0.2402 0.0000 0.0000 700.0000 
19 27.4981 0.7654 0.1000 26.8323 2.8097e-01 0.2578 0.0000 0.0000 700.0000 
20 22.7610 0.7283 0.1000 33.7850 4.5337e-01 0.1624 0.0000 0.0000 700.0000 
21 25.5656 0.7997 0.1000 23.5070 4.5878e-02 0.2089 0.0000 0.0000 700.0000 
22 14.6227 0.4326 0.1000 29.3122 1.5390e-03 0.3492 0.0000 0.0000 700.0000 
23 15.9920 0.4723 0.1000 36.9042 1.6570e-01 0.0328 0.0000 0.0000 700.0000 
24 26.8146 0.4128 0.1000 17.3835 4.7519e-01 0.1894 0.0000 0.0000 700.0000 
25 26.9002 0.6284 0.1000 14.9823 3.5646e-01 0.1605 0.0000 0.0000 700.0000 
26 12.3293 0.6284 0.1000 11.5440 2.9576e-01 0.2687 0.0000 0.0000 700.0000 
27 24.9097 0.6611 0.1000 5.6883 3.4520e-01 0.0538 0.0000 0.0000 700.0000 
28 26.3682 0.7848 0.1000 26.2502 3.6867e-01 0.0759 0.0000 0.0000 700.0000 
29 19.0608 0.6718 0.1000 29.5162 2.7782e-01 0.4426 0.0000 0.0000 700.0000 
30 16.5819 0.4645 0.1000 35.1681 3.1479e-01 0.1042 0.0000 0.0000 700.0000 
31 16.6582 0.6099 0.1000 19.6522 1.5884e-01 0.0603 0.0000 0.0000 700.0000 
32 22.9368 0.6998 0.1000 23.1603 4.1140e-01 0.4250 0.0000 0.0000 700.0000 
33 10.4658 0.5096 0.1000 17.8122 3.6199e-04 0.4149 0.0000 0.0000 700.0000 
34 26.1460 0.6085 0.1000 1.4508 9.3620e-02 0.1294 0.0000 0.0000 700.0000 
35 27.2419 0.7614 0.1000 0.3028 3.1275e-01 0.2711 0.0000 0.0000 700.0000 
36 29.4864 0.4942 0.1000 44.9150 4.3422e-01 0.2035 0.0000 0.0000 700.0000 
37 17.1833 0.7596 0.1000 41.0139 1.9010e-01 0.1720 0.0000 0.0000 700.0000 
38 11.8102 0.6296 0.1000 12.6200 1.7970e-01 0.1343 0.0000 0.0000 700.0000 
39 20.9610 0.6099 0.1000 1.8504 3.8327e-01 0.1023 0.0000 0.0000 700.0000 
40 12.5906 0.4615 0.1000 37.0710 1.9314e-01 0.3406 0.0000 0.0000 700.0000 
41 15.8896 0.5396 0.1000 31.9131 1.8788e-01 0.3216 0.0000 0.0000 700.0000 
42 17.5021 0.7973 0.1000 23.1101 1.2499e-01 0.2510 0.0000 0.0000 700.0000 
43 10.4140 0.7902 0.1000 6.0561 2.1275e-02 0.0249 0.0000 0.0000 700.0000 
44 18.0979 0.7254 0.1000 36.9372 3.4695e-01 0.2591 0.0000 0.0000 700.0000 
45 10.8239 0.7925 0.1000 42.7237 3.5694e-01 0.3767 0.0000 0.0000 700.0000 
46 28.9171 0.4647 0.1000 3.3870 1.4374e-01 0.2923 0.0000 0.0000 700.0000 
47 29.8642 0.4040 0.1000 2.2692 5.3793e-02 0.3611 0.0000 0.0000 700.0000 
48 25.3730 0.5581 0.1000 32.4541 3.9611e-01 0.3012 0.0000 0.0000 700.0000 
49 19.1832 0.4176 0.1000 26.0802 2.0582e-01 0.0636 0.0000 0.0000 700.0000 
50 29.8986 0.4800 0.1000 20.4865 1.2421e-01 0.3514 0.0000 0.0000 700.0000 
51 24.2656 0.6809 0.1000 34.9582 2.6000e-01 0.4672 0.0000 0.0000 700.0000 
52 10.0559 0.7275 0.1000 33.9766 3.5263e-01 0.0451 0.0000 0.0000 700.0000 
53 15.4960 0.4995 0.1000 18.5365 3.7946e-01 0.3136 0.0000 0.0000 700.0000 
54 14.8727 0.5414 0.1000 32.7489 2.4904e-01 0.1859 0.0000 0.0000 700.0000 
55 25.3461 0.7482 0.1000 13.2575 4.1885e-01 0.0876 0.0000 0.0000 700.0000 
56 19.6191 0.4162 0.1000 30.4148 3.2648e-01 0.2239 0.0000 0.0000 700.0000 
57 11.4112 0.6384 0.1000 5.4556 5.1489e-02 0.4599 0.0000 0.0000 700.0000 
58 11.6488 0.6136 0.1000 4.9737 2.4363e-01 0.1448 0.0000 0.0000 700.0000 
59 16.7365 0.7148 0.1000 5.1262 1.1341e-02 0.2887 0.0000 0.0000 700.0000 
60 14.5283 0.7062 0.1000 18.3346 4.0337e-01 0.3582 0.0000 0.0000 700.0000 
61 15.7693 0.6973 0.1000 15.5359 1.6123e-01 0.2146 0.0000 0.0000 700.0000 
62 13.3242 0.5407 0.1000 15.3722 4.5579e-02 0.0723 0.0000 0.0000 700.0000 
63 17.2189 0.7929 0.1000 21.2634 1.5666e-01 0.0173 0.0000 0.0000 700.0000 
64 18.4671 0.7067 0.1000 10.0784 1.5247e-01 0.2899 0.0000 0.0000 700.0000 
65 13.3326 0.6048 0.1000 28.9808 4.5969e-01 0.4851 0.0000 0.0000 700.0000 
66 19.9280 0.7237 0.1000 5.2162 3.8511e-01 0.4438 0.0000 0.0000 700.0000 
67 17.1727 0.7999 0.1000 37.8199 1.9903e-01 0.0651 0.0000 0.0000 700.0000 
68 10.9605 0.7125 0.1000 41.1069 2.5111e-01 0.1571 0.0000 0.0000 700.0000 
69 12.1657 0.4213 0.1000 11.0597 1.2318e-02 0.4835 0.0000 0.0000 700.0000 
70 12.3530 0.4963 0.1000 34.1776 2.4302e-01 0.1358 0.0000 0.0000 700.0000 
71 13.4193 0.5146 0.1000 5.1132 2.5650e-01 0.4843 0.0000 0.0000 700.0000 
72 15.5551 0.7203 0.1000 15.7707 4.0410e-01 0.2803 0.0000 0.0000 700.0000 
73 26.6301 0.5089 0.1000 24.2240 4.7627e-01 0.4124 0.0000 0.0000 700.0000 
74 14.4021 0.4747 0.1000 3.9015 3.2854e-01 0.2258 0.0000 0.0000 700.0000 
75 20.1109 0.7797 0.1000 38.2406 3.8500e-01 0.1617 0.0000 0.0000 700.0000 
76 12.2727 0.6311 0.1000 23.7989 3.4746e-01 0.0420 0.0000 0.0000 700.0000 
77 13.7564 0.6236 0.1000 17.2533 4.6924e-01 0.2269 0.0000 0.0000 700.0000 
78 11.3365 0.5833 0.1000 23.4893 3.0723e-01 0.4697 0.0000 0.0000 700.0000 
79 17.6348 0.4256 0.1000 12.2440 1.1684e-01 0.3626 0.0000 0.0000 700.0000 
80 19.3622 0.6391 0.1000 16.7229 3.8106e-01 0.2359 0.0000 0.0000 700.0000 
81 11.6476 0.5287 0.1000 24.6273 3.0153e-01 0.3660 0.0000 0.0000 700.0000 
82 15.3688 0.4133 0.1000 30.1251 6.2313e-02 0.3780 0.0000 0.0000 700.0000 
83 10.3660 0.7967 0.1000 20.7903 1.4989e-01 0.1288 0.0000 0.0000 700.0000 
84 20.4287 0.6379 0.1000 37.2883 1.1599e-01 0.0530 0.0000 0.0000 700.0000 
85 25.8396 0.7656 0.1000 32.7494 3.4934e-01 0.0562 0.0000 0.0000 700.0000 
86 26.3099 0.5710 0.1000 18.9738 4.9110e-01 0.2402 0.0000 0.0000 700.0000 
87 11.1156 0.4381 0.1000 16.7381 3.1653e-01 0.4290 0.0000 0.0000 700.0000 
88 17.3610 0.7633 0.1000 43.7236 1.1553e-01 0.3673 0.0000 0.0000 700.0000 
89 18.0413 0.4514 0.1000 23.0262 4.0644e-01 0.0176 0.0000 0.0000 700.0000 
90 24.5754 0.4919 0.1000 0.7700 2.2849e-02 0.3405 0.0000 0.0000 700.0000 
91 17.6879 0.4921 0.1000 0.9574 4.1417e-01 0.0258 0.0000 0.0000 700.0000 
92 27.4454 0.7964 0.1000 13.0468 1.2672e-01 0.0155 0.0000 0.0000 700.0000 
93 18.6540 0.4736 0.1000 7.3574 8.1264e-02 0.0804 0.0000 0.0000 700.0000 
94 11.5898 0.4680 0.1000 43.4483 3.8547e-01 0.0947 0.0000 0.0000 700.0000 
95 22.4825 0.6055 0.1000 27.7388 9.2632e-03 0.0356 0.0000 0.0000 700.0000 
96 23.9098 0.4988 0.1000 22.0417 1.1389e-01 0.4632 0.0000 0.0000 700.0000 
97 23.7557 0.5687 0.1000 29.3124 4.5151e-01 0.0990 0.0000 0.0000 700.0000 
98 29.9597 0.4342 0.1000 23.7705 4.5302e-01 0.2133 0.0000 0.0000 700.0000 
99 28.6220 0.6147 0.1000 7.0248 1.4138e-01 0.4750 0.0000 0.0000 700.0000 
100 25.1982 0.6049 0.1000 21.5967 1.2702e-01 0.3930 0.0000 0.0000 700.0000 
101 13.2595 0.6339 0.1000 3.2298 2.3468e-01 0.4640 0.0000 0.0000 700.0000 
102 20.6358 0.5437 0.1000 26.9238 4.5082e-01 0.1383 0.0000 0.0000 700.0000 
103 11.1345 0.6768 0.1000 21.7102 2.5462e-01 0.2687 0.0000 0.0000 700.0000 
104 10.3754 0.7459 0.1000 24.5622 5.2858e-02 0.0192 0.0000 0.0000 700.0000 
105 28.2951 0.4349 0.1000 44.2402 2.9221e-01 0.2595 0.0000 0.0000 700.0000 
106 29.5878 0.5255 0.1000 22.9991 2.0311e-01 0.0792 0.0000 0.0000 700.0000 
107 25.5003 0.4295 0.1000 11.3980 4.0141e-01 0.4618 0.0000 0.0000 700.0000 
108 10.0217 0.6564 0.1000 14.6738 1.8746e-01 0.0537 0.0000 0.0000 700.0000 
109 29.7896 0.4226 0.1000 40.4149 4.3007e-01 0.3208 0.0000 0.0000 700.0000 
110 21.6331 0.4082 0.1000 43.5024 7.9311e-02 0.1037 0.0000 0.0000 700.0000 
111 18.7573 0.4868 0.1000 43.8072 2.4199e-02 0.3444 0.0000 0.0000 700.0000 
112 13.0392 0.4504 0.1000 4.9197 5.4538e-02 0.0204 0.0000 0.0000 700.0000 
113 24.3711 0.4283 0.1000 36.8846 2.4658e-01 0.2818 0.0000 0.0000 700.0000 
114 23.8506 0.6157 0.1000 1.8070 4.1587e-01 0.1001 0.0000 0.0000 700.0000 
115 28.8211 0.5743 0.1000 36.0448 4.3778e-01 0.2297 0.0000 0.0000 700.0000 
116 27.9995 0.7846 0.1000 15.6116 4.3854e-02 0.0836 0.0000 0.0000 700.0000 
117 20.0602 0.5976 0.1000 2.2692 5.1788e-02 0.4714 0.0000 0.0000 700.0000 
118 13.5748 0.5893 0.1000 44.3411 1.6209e-01 0.2589 0.0000 0.0000 700.0000 
119 22.6098 0.4074 0.1000 33.2199 1.1571e-01 0.0007 0.0000 0.0000 700.0000 
120 13.0047 0.4984 0.1000 7.1566 3.3233e-01 0.2414 0.0000 0.0000 700.0000 
121 19.4380 0.5199 0.1000 30.8227 4.4265e-01 0.4442 0.0000 0.0000 700.0000 
122 12.3511 0.4730 0.1000 10.5581 4.5863e-01 0.0239 0.0000 0.0000 700.0000 
123 17.9384 0.4792 0.1000 44.6685 4.3601e-01 0.2419 0.0000 0.0000 700.0000 
124 24.3590 0.5545 0.1000 29.6877 3.7217e-01 0.3622 0.0000 0.0000 700.0000 
125 18.4555 0.4356 0.1000 0.9260 1.2157e-01 0.2391 0.0000 0.0000 700.0000 
126 11.9833 0.5179 0.1000 43.8931 4.6876e-01 0.3257 0.0000 0.0000 700.0000 
127 15.2921 0.4597 0.1000 43.5088 8.9397e-02 0.4265 0.0000 0.0000 700.0000 
128 15.4195 0.4389 0.1000 26.1304 1.7580e-01 0.4770 0.0000 0.0000 700.0000 
129 28.7499 0.6086 0.1000 29.4447 4.5116e-01 0.3587 0.0000 0.0000 700.0000 
130 10.7042 0.4848 0.1000 25.0291 3.3879e-01 0.4181 0.0000 0.0000 700.0000 
131 20.2623 0.6808 0.1000 14.4991 4.4193e-01 0.2322 0.0000 0.0000 700.0000 
132 21.9615 0.6626 0.1000 28.5282 7.2240e-02 0.4058 0.0000 0.0000 700.0000 
133 22.8100 0.4761 0.1000 13.1561 3.2236e-02 0.4496 0.0000 0.0000 700.0000 
134 19.4603 0.5534 0.1000 31.9359 3.0605e-03 0.3985 0.0000 0.0000 700.0000 
135 23.4881 0.4763 0.1000 6.0533 3.2845e-01 0.3482 0.0000 0.0000 700.0000 
136 28.0525 0.5099 0.1000 27.5842 4.8429e-01 0.4215 0.0000 0.0000 700.0000 
137 15.7199 0.4129 0.1000 2.9069 1.5376e-01 0.4745 0.0000 0.0000 700.0000 
138 26.1509 0.5673 0.1000 35.2767 3.2122e-01 0.4865 0.0000 0.0000 700.0000 
139 20.1083 0.5665 0.1000 41.2591 8.4399e-02 0.3859 0.0000 0.0000 700.0000 
140 17.3425 0.7358 0.1000 0.6998 4.7134e-01 0.0107 0.0000 0.0000 700.0000 
141 18.9497 0.5482 0.1000 44.5492 1.5276e-01 0.0043 0.0000 0.0000 700.0000 
142 13.4084 0.7252 0.1000 1.1718 1.2395e-01 0.3809 0.0000 0.0000 700.0000 
143 27.1874 0.4389 0.1000 37.0712 1.7481e-01 0.3354 0.0000 0.0000 700.0000 
144 16.0389 0.4397 0.1000 41.9600 8.0970e-02 0.4938 0.0000 0.0000 700.0000 
145 11.7837 0.7765 0.1000 24.3368 3.2822e-01 0.3184 0.0000 0.0000 700.0000 
146 22.0059 0.5705 0.1000 25.2597 4.6954e-02 0.1159 0.0000 0.0000 700.0000 
147 21.5941 0.5750 0.1000 15.7412 4.0118e-01 0.1189 0.0000 0.0000 700.0000 
148 15.6660 0.7265 0.1000 15.8884 1.8805e-01 0.3346 0.0000 0.0000 700.0000 
149 16.9559 0.7162 0.1000 10.2672 1.6183e-01 0.4060 0.0000 0.0000 700.0000 
150 13.4287 0.4657 0.1000 5.8621 8.0808e-02 0.0895 0.0000 0.0000 700.0000 
151 29.4696 0.4005 0.1000 44.7116 2.2502e-01 0.4863 0.0000 0.0000 700.0000 
152 27.7302 0.5085 0.1000 39.8377 2.4162e-01 0.4898 0.0000 0.0000 700.0000 
153 28.3787 0.4794 0.1000 12.1603 5.1022e-02 0.4744 0.0000 0.0000 700.0000 
154 20.6356 0.6601 0.1000 37.5414 4.9265e-01 0.3077 0.0000 0.0000 700.0000 
155 11.1004 0.6445 0.1000 16.0877 4.2636e-02 0.0110 0.0000 0.0000 700.0000 
156 27.4458 0.7486 0.1000 10.8838 5.5781e-03 0.1708 0.0000 0.0000 700.0000 
157 28.3304 0.6900 0.1000 24.4646 2.3737e-01 0.2866 0.0000 0.0000 700.0000 
158 17.1750 0.6161 0.1000 15.2664 3.4379e-01 0.0877 0.0000 0.0000 700.0000 
159 21.0947 0.4356 0.1000 34.9142 3.9006e-01 0.0344 0.0000 0.0000 700.0000 
160 10.0843 0.7602 0.1000 8.1322 2.3849e-01 0.2930 0.0000 0.0000 700.0000 
161 14.3700 0.7911 0.1000 36.7086 2.8520e-01 0.2197 0.0000 0.0000 700.0000 
162 22.7541 0.6109 0.1000 8.9551 7.2185e-02 0.1918 0.0000 0.0000 700.0000 
163 11.5454 0.6041 0.1000 29.6763 1.8145e-01 0.2538 0.0000 0.0000 700.0000 
164 29.5378 0.5943 0.1000 20.8618 1.5142e-01 0.1371 0.0000 0.0000 700.0000 
165 29.7579 0.6982 0.1000 25.7693 4.6763e-01 0.2448 0.0000 0.0000 700.0000 
166 24.9378 0.7460 0.1000 5.9572 9.4794e-02 0.3574 0.0000 0.0000 700.0000 
167 17.8422 0.5740 0.1000 17.2562 1.6404e-01 0.1894 0.0000 0.0000 700.0000 
168 28.4329 0.6966 0.1000 39.0330 6.6597e-02 0.0976 0.0000 0.0000 700.0000 
169 28.7919 0.7392 0.1000 2.0055 4.0136e-01 0.0233 0.0000 0.0000 700.0000 
170 11.3718 0.4268 0.1000 23.1515 2.1752e-01 0.3311 0.0000 0.0000 700.0000 
171 11.9801 0.6667 0.1000 28.3047 1.1255e-01 0.2370 0.0000 0.0000 700.0000 
172 15.4542 0.4825 0.1000 11.4785 1.6654e-01 0.3333 0.0000 0.0000 700.0000 
173 24.7727 0.5857 0.1000 2.7588 4.3345e-01 0.1135 0.0000 0.0000 700.0000 
174 19.0620 0.5823 0.1000 44.2636 2.9614e-03 0.0436 0.0000 0.0000 700.0000 
175 27.9156 0.7190 0.1000 33.1383 3.2169e-01 0.3333 0.0000 0.0000 700.0000 
176 13.4885 0.7123 0.1000 18.1656 1.0045e-01 0.4416 0.0000 0.0000 700.0000 
177 21.2027 0.5853 0.1000 33.4988 1.1021e-01 0.1894 0.0000 0.0000 700.0000 
178 26.9661 0.4098 0.1000 36.8076 2.4707e-02 0.1896 0.0000 0.0000 700.0000 
179 26.9384 0.5053 0.1000 19.8526 2.6374e-01 0.1816 0.0000 0.0000 700.0000 
180 12.0699 0.4920 0.1000 32.1239 3.5956e-02 0.1220 0.0000 0.0000 700.0000 
181 21.5961 0.4468 0.1000 19.6941 1.2101e-01 0.2512 0.0000 0.0000 700.0000 
182 22.6041 0.6497 0.1000 16.9418 6.4864e-02 0.2076 0.0000 0.0000 700.0000 
183 14.3515 0.5351 0.1000 30.4243 3.1473e-01 0.1675 0.0000 0.0000 700.0000 
184 22.3719 0.7209 0.1000 27.4467 1.4556e-01 0.0738 0.0000 0.0000 700.0000 
185 11.9642 0.5547 0.1000 34.3802 2.2318e-01 0.2483 0.0000 0.0000 700.0000 
186 22.9669 0.7260 0.1000 32.3178 1.1374e-01 0.0371 0.0000 0.0000 700.0000 
187 16.0051 0.5446 0.1000 42.9892 1.4116e-01 0.0532 0.0000 0.0000 700.0000 
188 14.0327 0.6231 0.1000 27.8573 7.7387e-02 0.3150 0.0000 0.0000 700.0000 
189 22.1179 0.6784 0.1000 12.1400 4.7658e-01 0.2946 0.0000 0.0000 700.0000 
190 28.8215 0.7886 0.1000 11.6562 2.4631e-01 0.0084 0.0000 0.0000 700.0000 
191 15.6798 0.5826 0.1000 26.9858 4.1848e-01 0.1708 0.0000 0.0000 700.0000 
192 13.3672 0.5658 0.1000 39.6089 1.2523e-01 0.0710 0.0000 0.0000 700.0000 
193 24.8409 0.4929 0.1000 29.2819 2.0908e-01 0.3514 0.0000 0.0000 700.0000 
194 10.2068 0.7375 0.1000 26.5641 3.1185e-01 0.2707 0.0000 0.0000 700.0000 
195 20.6634 0.6505 0.1000 11.5876 4.7832e-01 0.0776 0.0000 0.0000 700.0000 
196 11.0959 0.4730 0.1000 4.0386 9.8383e-02 0.3794 0.0000 0.0000 700.0000 
197 15.8565 0.4565 0.1000 25.1571 3.5870e-01 0.3888 0.0000 0.0000 700.0000 
198 25.2989 0.7384 0.1000 0.6747 6.6630e-03 0.2727 0.0000 0.0000 700.0000 
199 22.0527 0.7397 0.1000 10.7331 4.2922e-01 0.2301 0.0000 0.0000 700.0000 
200 28.2507 0.7180 0.1000 30.6866 1.2060e-02 0.4377 0.0000 0.0000 700.0000 
201 23.5820 0.7637 0.1000 43.6091 4.8468e-01 0.0868 0.0000 0.0000 700.0000 
202 27.0827 0.5817 0.1000 0.8256 3.2657e-01 0.1258 0.0000 0.0000 700.0000 
203 26.5498 0.5825 0.1000 6.7034 1.5826e-02 0.3549 0.0000 0.0000 700.0000 
204 16.4832 0.6344 0.1000 23.1292 2.8169e-01 0.0478 0.0000 0.0000 700.0000 
205 21.5293 0.5845 0.1000 27.7415 1.4925e-01 0.2910 0.0000 0.0000 700.0000 
206 22.7652 0.6140 0.1000 19.2091 3.1778e-01 0.4320 0.0000 0.0000 700.0000 
207 27.8298 0.5571 0.1000 38.5437 1.9116e-01 0.0360 0.0000 0.0000 700.0000 
208 20.5450 0.6067 0.1000 43.1654 1.0800e-01 0.0547 0.0000 0.0000 700.0000 
209 24.6454 0.6184 0.1000 24.5359 4.6475e-01 0.1046 0.0000 0.0000 700.0000 
210 29.4181 0.5113 0.1000 35.7377 8.8722e-02 0.2624 0.0000 0.0000 700.0000 
211 23.0684 0.4832 0.1000 17.4851 1.9515e-02 0.1654 0.0000 0.0000 700.0000 
212 25.7226 0.7399 0.1000 26.4427 2.4608e-01 0.3495 0.0000 0.0000 700.0000 
213 11.5138 0.5259 0.1000 34.7113 4.1908e-01 0.4054 0.0000 0.0000 700.0000 
214 21.0767 0.6613 0.1000 11.6613 4.6067e-01 0.3119 0.0000 0.0000 700.0000 
215 23.4559 0.4044 0.1000 17.2430 4.5776e-01 0.3184 0.0000 0.0000 700.0000 
216 18.6266 0.4892 0.1000 11.3213 4.6841e-01 0.2229 0.0000 0.0000 700.0000 
217 26.9381 0.6860 0.1000 36.3137 2.2672e-01 0.0648 0.0000 0.0000 700.0000 
218 27.0012 0.6445 0.1000 22.1230 1.0638e-01 0.3988 0.0000 0.0000 700.0000 
219 28.7290 0.7551 0.1000 24.9677 4.5203e-01 0.4847 0.0000 0.0000 700.0000 
220 29.4917 0.4452 0.1000 24.8713 4.0026e-01 0.3609 0.0000 0.0000 700.0000 
221 21.6247 0.5353 0.1000 44.5081 3.5582e-01 0.1356 0.0000 0.0000 700.0000 
222 11.0138 0.5287 0.1000 27.3985 1.7920e-01 0.1847 0.0000 0.0000 700.0000 
223 25.9221 0.4651 0.1000 31.4615 1.3901e-01 0.0094 0.0000 0.0000 700.0000 
224 10.3754 0.7436 0.1000 7.5119 2.6328e-01 0.0209 0.0000 0.0000 700.0000 
225 22.9914 0.4334 0.1000 34.8698 5.4979e-02 0.1770 0.0000 0.0000 700.0000 
226 27.8843 0.5718 0.1000 27.1828 3.1422e-02 0.2298 0.0000 0.0000 700.0000 
227 19.4805 0.4810 0.1000 25.9651 3.7024e-01 0.0844 0.0000 0.0000 700.0000 
228 12.1142 0.5000 0.1000 17.5608 4.9229e-01 0.4784 0.0000 0.0000 700.0000 
229 11.3381 0.7704 0.1000 8.1918 9.5468e-02 0.1015 0.0000 0.0000 700.0000 
230 11.4452 0.5240 0.1000 42.9663 2.7933e-01 0.2206 0.0000 0.0000 700.0000 
231 25.3955 0.6763 0.1000 18.8269 3.1785e-01 0.0940 0.0000 0.0000 700.0000 
232 18.4706 0.5267 0.1000 24.8217 2.2951e-02 0.4918 0.0000 0.0000 700.0000 
233 13.0011 0.4216 0.1000 25.0623 4.0934e-01 0.1620 0.0000 0.0000 700.0000 
234 26.5630 0.6042 0.1000 24.1596 2.6080e-01 0.0798 0.0000 0.0000 700.0000 
235 26.8780 0.4239 0.1000 1.1231 9.3901e-02 0.2907 0.0000 0.0000 700.0000 
236 29.3700 0.6501 0.1000 43.5716 3.6116e-01 0.0690 0.0000 0.0000 700.0000 
237 17.3182 0.7376 0.1000 11.4044 9.4351e-02 0.2489 0.0000 0.0000 700.0000 
238 16.9738 0.7547 0.1000 23.3970 1.8765e-01 0.2788 0.0000 0.0000 700.0000 
239 26.2381 0.7026 0.1000 23.2673 9.9847e-02 0.4412 0.0000 0.0000 700.0000 
240 12.3855 0.4080 0.1000 16.1297 3.8778e-01 0.0751 0.0000 0.0000 700.0000 
241 28.5069 0.6746 0.1000 17.1787 2.3692e-02 0.3737 0.0000 0.0000 700.0000 
242 16.1089 0.5754 0.1000 40.6723 9.8962e-02 0.0395 0.0000 0.0000 700.0000 
243 17.0172 0.7227 0.1000 6.7923 4.1214e-02 0.1407 0.0000 0.0000 700.0000 
244 14.5285 0.7055 0.1000 37.2372 3.0692e-01 0.0150 0.0000 0.0000 700.0000 
245 18.7532 0.7340 0.1000 8.6235 2.1434e-01 0.3209 0.0000 0.0000 700.0000 
246 25.4877 0.5618 0.1000 16.9618 3.0144e-01 0.3693 0.0000 0.0000 700.0000 
247 28.6961 0.4702 0.1000 16.9869 1.5689e-01 0.1842 0.0000 0.0000 700.0000 
248 28.9738 0.4169 0.1000 4.1353 4.1589e-01 0.1748 0.0000 0.0000 700.0000 
249 28.1218 0.6760 0.1000 5.8375 3.5770e-02 0.2467 0.0000 0.0000 700.0000 
250 16.7396 0.7577 0.1000 41.4842 2.0769e-02 0.0463 0.0000 0.0000 700.0000 
251 22.2055 0.4966 0.1000 25.1265 4.5530e-01 0.1073 0.0000 0.0000 700.0000 
252 24.3938 0.5337 0.1000 18.1852 2.3698e-01 0.0792 0.0000 0.0000 700.0000 
253 10.0828 0.4100 0.1000 21.2412 3.1178e-01 0.3676 0.0000 0.0000 700.0000 
254 21.7959 0.7277 0.1000 4.4616 4.2459e-01 0.2084 0.0000 0.0000 700.0000 
255 27.9702 0.7204 0.1000 8.4133 5.7424e-02 0.2440 0.0000 0.0000 700.0000 
256 10.4422 0.6532 0.1000 7.6947 1.2677e-01 0.2781 0.0000 0.0000 700.0000 
257 22.8732 0.7982 0.1000 1.2528 2.5275e-01 0.1800 0.0000 0.0000 700.0000 
258 17.2171 0.5660 0.1000 12.0760 2.5557e-01 0.4779 0.0000 0.0000 700.0000 
259 10.0234 0.7042 0.1000 7.0406 3.8171e-01 0.2487 0.0000 0.0000 700.0000 
260 20.0093 0.4076 0.1000 28.5558 1.0626e-01 0.0682 0.0000 0.0000 700.0000 
261 20.3222 0.5391 0.1000 29.9475 4.1545e-01 0.1378 0.0000 0.0000 700.0000 
262 22.7890 0.6010 0.1000 9.2859 4.7226e-01 0.3762 0.0000 0.0000 700.0000 
263 17.6902 0.4649 0.1000 14.8019 1.5071e-01 0.0437 0.0000 0.0000 700.0000 
264 20.4725 0.6395 0.1000 25.1942 2.3669e-01 0.3987 0.0000 0.0000 700.0000 
265 26.2757 0.6919 0.1000 27.9156 3.3284e-01 0.1318 0.0000 0.0000 700.0000 
266 21.4701 0.6481 0.1000 21.2061 6.6902e-02 0.0097 0.0000 0.0000 700.0000 
267 10.1836 0.6382 0.1000 33.8851 4.6352e-01 0.0868 0.0000 0.0000 700.0000 
268 28.0923 0.6164 0.1000 25.2589 2.4674e-01 0.4608 0.0000 0.0000 700.0000 
269 12.6574 0.4323 0.1000 8.8464 3.1689e-01 0.3804 0.0000 0.0000 700.0000 
270 11.9545 0.7159 0.1000 44.3186 3.9893e-01 0.3548 0.0000 0.0000 700.0000 
271 19.4207 0.7498 0.1000 10.6072 2.2512e-01 0.1006 0.0000 0.0000 700.0000 
272 27.1962 0.5313 0.1000 39.6141 1.4233e-01 0.2948 0.0000 0.0000 700.0000 
273 11.7503 0.4841 0.1000 37.9303 4.7725e-01 0.2327 0.0000 0.0000 700.0000 
274 16.4874 0.4392 0.1000 5.6977 1.5804e-01 0.4275 0.0000 0.0000 700.0000 
275 29.9012 0.6431 0.1000 25.3077 3.6307e-01 0.1948 0.0000 0.0000 700.0000 
276 24.2401 0.4246 0.1000 17.9591 4.7124e-01 0.0172 0.0000 0.0000 700.0000 
277 25.7669 0.5541 0.1000 38.0613 3.1744e-01 0.1474 0.0000 0.0000 700.0000 
278 26.4505 0.4142 0.1000 12.0179 4.5904e-01 0.3481 0.0000 0.0000 700.0000 
279 15.9125 0.4317 0.1000 17.6091 9.6317e-02 0.0188 0.0000 0.0000 700.0000 
280 29.4038 0.7954 0.1000 43.2143 4.2047e-01 0.2830 0.0000 0.0000 700.0000 
281 22.6735 0.7810 0.1000 43.4467 2.4286e-01 0.0336 0.0000 0.0000 700.0000 
282 24.1656 0.7341 0.1000 15.6074 3.5385e-01 0.1830 0.0000 0.0000 700.0000 
283 23.9090 0.7926 0.1000 23.4112 2.7587e-02 0.2916 0.0000 0.0000 700.0000 
284 14.2580 0.7117 0.1000 3.1368 3.8572e-01 0.1805 0.0000 0.0000 700.0000 
285 20.4044 0.5515 0.1000 30.6873 1.5772e-01 0.3760 0.0000 0.0000 700.0000 
286 21.8322 0.6946 0.1000 28.7978 2.1876e-02 0.3959 0.0000 0.0000 700.0000 
287 18.5305 0.6143 0.1000 19.7750 4.9610e-01 0.2520 0.0000 0.0000 700.0000 
288 10.9307 0.6157 0.1000 16.4633 5.9508e-02 0.0702 0.0000 0.0000 700.0000 
289 21.6402 0.4071 0.1000 22.8630 2.5257e-01 0.4736 0.0000 0.0000 700.0000 
290 12.9611 0.7601 0.1000 40.8081 1.6948e-01 0.3080 0.0000 0.0000 700.0000 
291 20.3107 0.6202 0.1000 12.4921 3.7076e-01 0.4925 0.0000 0.0000 700.0000 
292 27.5921 0.4587 0.1000 36.8143 7.9246e-02 0.4146 0.0000 0.0000 700.0000 
293 17.5873 0.4103 0.1000 5.2280 3.1066e-01 0.3542 0.0000 0.0000 700.0000 
294 18.4321 0.7199 0.1000 33.3376 1.3509e-01 0.0230 0.0000 0.0000 700.0000 
295 11.4905 0.4374 0.1000 4.2828 1.8418e-01 0.1519 0.0000 0.0000 700.0000 
296 14.0045 0.4492 0.1000 17.9532 1.2565e-01 0.3435 0.0000 0.0000 700.0000 
297 24.6744 0.4051 0.1000 7.0356 6.9556e-02 0.2099 0.0000 0.0000 700.0000 
298 18.7088 0.4005 0.1000 25.3981 4.9578e-01 0.1565 0.0000 0.0000 700.0000 
299 16.5842 0.7443 0.1000 12.1505 4.7452e-01 0.4985 0.0000 0.0000 700.0000 
300 25.6629 0.7335 0.1000 32.7393 4.7014e-01 0.4375 0.0000 0.0000 700.0000 
301 16.6748 0.7514 0.1000 36.5951 1.4135e-01 0.2713 0.0000 0.0000 700.0000 
302 10.8116 0.4344 0.1000 37.6068 4.4586e-01 0.4826 0.0000 0.0000 700.0000 
303 15.5972 0.5353 0.1000 17.9405 1.0867e-03 0.3479 0.0000 0.0000 700.0000 
304 10.9168 0.6124 0.1000 5.5236 8.9851e-02 0.2030 0.0000 0.0000 700.0000 
305 23.9017 0.5650 0.1000 39.3178 2.4432e-01 0.0717 0.0000 0.0000 700.0000 
306 26.7682 0.4186 0.1000 18.1934 3.5664e-01 0.1402 0.0000 0.0000 700.0000 
307 15.2509 0.5339 0.1000 18.7582 1.0069e-02 0.3068 0.0000 0.0000 700.0000 
308 13.4646 0.5013 0.1000 12.7261 3.5714e-01 0.1974 0.0000 0.0000 700.0000 
309 13.9271 0.6081 0.1000 31.0745 5.1038e-03 0.1828 0.0000 0.0000 700.0000 
310 14.5342 0.4466 0.1000 35.1284 3.3207e-01 0.1741 0.0000 0.0000 700.0000 
311 16.3534 0.6522 0.1000 36.0616 4.3400e-02 0.1939 0.0000 0.0000 700.0000 
312 19.8045 0.7270 0.1000 33.5089 7.8734e-02 0.4872 0.0000 0.0000 700.0000 
313 12.4962 0.6830 0.1000 12.3606 2.4826e-01 0.2168 0.0000 0.0000 700.0000 
314 21.6926 0.7479 0.1000 24.2588 4.6729e-01 0.1699 0.0000 0.0000 700.0000 
315 18.9622 0.6425 0.1000 32.6294 1.0383e-01 0.3474 0.0000 0.0000 700.0000 
316 16.6932 0.5463 0.1000 29.1188 2.0139e-01 0.2031 0.0000 0.0000 700.0000 
317 18.4797 0.6562 0.1000 44.9398 1.2090e-01 0.4219 0.0000 0.0000 700.0000 
318 15.8619 0.7410 0.1000 18.6661 4.1699e-01 0.3043 0.0000 0.0000 700.0000 
319 27.5177 0.4063 0.1000 32.3518 4.4824e-01 0.1253 0.0000 0.0000 700.0000 
320 11.8106 0.5247 0.1000 13.7280 2.3912e-01 0.2449 0.0000 0.0000 700.0000 
321 25.3614 0.5534 0.1000 22.3549 1.5532e-01 0.3519 0.0000 0.0000 700.0000 
322 16.7886 0.5128 0.1000 43.2927 8.4476e-02 0.2527 0.0000 0.0000 700.0000 
323 19.2477 0.6203 0.1000 12.1269 4.4724e-01 0.2515 0.0000 0.0000 700.0000 
324 26.5107 0.4298 0.1000 25.0039 3.1762e-01 0.1500 0.0000 0.0000 700.0000 
325 14.1149 0.5436 0.1000 18.8385 3.6888e-01 0.2551 0.0000 0.0000 700.0000 
326 28.5555 0.7857 0.1000 35.9552 2.5133e-01 0.4204 0.0000 0.0000 700.0000 
327 27.0956 0.5650 0.1000 16.2363 1.5001e-01 0.4007 0.0000 0.0000 700.0000 
328 27.5552 0.5648 0.1000 7.6095 1.8423e-01 0.3787 0.0000 0.0000 700.0000 
329 27.6236 0.5375 0.1000 39.5238 3.5921e-01 0.0298 0.0000 0.0000 700.0000 
330 17.6312 0.5350 0.1000 30.1454 4.9770e-01 0.4830 0.0000 0.0000 700.0000 
331 21.3903 0.6889 0.1000 29.5496 3.5091e-01 0.2239 0.0000 0.0000 700.0000 
332 22.3645 0.5530 0.1000 18.7040 1.2902e-01 0.4719 0.0000 0.0000 700.0000 
333 11.9396 0.4679 0.1000 39.3505 2.2652e-01 0.3397 0.0000 0.0000 700.0000 
334 16.2462 0.5275 0.1000 25.9339 1.9550e-01 0.1507 0.0000 0.0000 700.0000 
335 19.9813 0.6071 0.1000 0.7779 1.5117e-01 0.2228 0.0000 0.0000 700.0000 
336 28.9494 0.7324 0.1000 20.5075 3.1694e-01 0.1669 0.0000 0.0000 700.0000 
337 11.6431 0.6856 0.1000 27.1038 1.1655e-01 0.3023 0.0000 0.0000 700.0000 
338 24.1278 0.5568 0.1000 43.9135 1.4764e-02 0.4907 0.0000 0.0000 700.0000 
339 21.9444 0.6628 0.1000 25.5340 3.5125e-01 0.1028 0.0000 0.0000 700.0000 
340 28.7900 0.7268 0.1000 5.1191 2.5357e-01 0.2589 0.0000 0.0000 700.0000 
341 20.5616 0.7681 0.1000 34.1977 7.7103e-02 0.4494 0.0000 0.0000 700.0000 
342 14.2691 0.7372 0.1000 42.3560 1.3570e-01 0.2906 0.0000 0.0000 700.0000 
343 25.3998 0.5548 0.1000 29.5575 4.9352e-02 0.4254 0.0000 0.0000 700.0000 
344 14.2826 0.7139 0.1000 6.3852 3.1523e-01 0.3087 0.0000 0.0000 700.0000 
345 26.7889 0.6998 0.1000 17.9287 1.6131e-01 0.1709 0.0000 0.0000 700.0000 
346 27.5831 0.6770 0.1000 9.0436 1.5507e-01 0.4201 0.0000 0.0000 700.0000 
347 14.8782 0.7331 0.1000 25.9014 3.4196e-01 0.1788 0.0000 0.0000 700.0000 
348 21.5006 0.6500 0.1000 44.8846 4.1239e-01 0.2360 0.0000 0.0000 700.0000 
349 17.3692 0.7909 0.1000 18.1793 3.7652e-01 0.2882 0.0000 0.0000 700.0000 
350 17.1687 0.4194 0.1000 37.2775 4.9498e-01 0.2997 0.0000 0.0000 700.0000 
351 27.2615 0.6264 0.1000 21.1608 1.0160e-01 0.1627 0.0000 0.0000 700.0000 
352 23.9755 0.5420 0.1000 3.1535 4.5626e-01 0.2717 0.0000 0.0000 700.0000 
353 29.8546 0.6304 0.1000 21.2555 3.4996e-01 0.2788 0.0000 0.0000 700.0000 
354 16.8698 0.6209 0.1000 0.9534 1.0953e-01 0.0957 0.0000 0.0000 700.0000 
355 28.8771 0.7481 0.1000 18.7247 4.1923e-01 0.2097 0.0000 0.0000 700.0000 
356 12.7193 0.4931 0.1000 8.0627 1.8036e-01 0.2800 0.0000 0.0000 700.0000 
357 16.1033 0.7557 0.1000 24.1464 2.5830e-01 0.4318 0.0000 0.0000 700.0000 
358 14.6089 0.7725 0.1000 10.1370 2.7927e-02 0.0180 0.0000 0.0000 700.0000 
359 11.1151 0.7765 0.1000 14.8777 7.2492e-02 0.2342 0.0000 0.0000 700.0000 
360 22.3342 0.5294 0.1000 8.2887 3.9793e-02 0.4852 0.0000 0.0000 700.0000 
361 23.0258 0.6760 0.1000 20.8825 2.5265e-01 0.2886 0.0000 0.0000 700.0000 
362 26.5417 0.5318 0.1000 39.7519 1.2268e-01 0.1783 0.0000 0.0000 700.0000 
363 15.5049 0.4077 0.1000 14.9912 4.4686e-02 0.2636 0.0000 0.0000 700.0000 
364 27.2658 0.7280 0.1000 14.3088 9.3994e-03 0.4738 0.0000 0.0000 700.0000 
365 11.2269 0.4025 0.1000 5.6569 2.7417e-01 0.0411 0.0000 0.0000 700.0000 
366 11.8687 0.4669 0.1000 35.9945 4.2924e-01 0.0729 0.0000 0.0000 700.0000 
367 19.7333 0.5979 0.1000 40.4970 1.9386e-01 0.4137 0.0000 0.0000 700.0000 
368 25.9814 0.7090 0.1000 18.3671 3.5896e-01 0.1037 0.0000 0.0000 700.0000 
369 23.4069 0.5437 0.1000 43.2545 3.5632e-01 0.3156 0.0000 0.0000 700.0000 
370 16.2908 0.7391 0.1000 34.2177 1.1738e-01 0.1496 0.0000 0.0000 700.0000 
371 24.0212 0.4602 0.1000 37.3223 2.7923e-01 0.2204 0.0000 0.0000 700.0000 
372 16.4667 0.6132 0.1000 7.1875 2.8859e-01 0.3745 0.0000 0.0000 700.0000 
373 23.8951 0.7881 0.1000 30.0731 2.2830e-01 0.0625 0.0000 0.0000 700.0000 
374 16.0072 0.7280 0.1000 4.1977 4.2621e-01 0.0682 0.0000 0.0000 700.0000 
375 13.4091 0.4833 0.1000 27.0943 8.4226e-02 0.2673 0.0000 0.0000 700.0000 
376 17.5521 0.6728 0.1000 20.0194 2.9147e-01 0.3608 0.0000 0.0000 700.0000 
377 20.5264 0.4769 0.1000 4.4904 2.5134e-01 0.1490 0.0000 0.0000 700.0000 
378 13.9826 0.6908 0.1000 5.1200 1.2015e-01 0.4151 0.0000 0.0000 700.0000 
379 11.4531 0.4985 0.1000 28.5418 4.4880e-01 0.4550 0.0000 0.0000 700.0000 
380 15.3474 0.5618 0.1000 7.8036 1.3952e-01 0.4706 0.0000 0.0000 700.0000 
381 18.7753 0.7699 0.1000 13.1007 2.4448e-01 0.0300 0.0000 0.0000 700.0000 
382 13.6337 0.6712 0.1000 43.6688 3.3934e-02 0.1738 0.0000 0.0000 700.0000 
383 22.7861 0.5670 0.1000 38.1416 4.4694e-01 0.4360 0.0000 0.0000 700.0000 
384 19.1078 0.6029 0.1000 43.3829 2.3482e-01 0.4044 0.0000 0.0000 700.0000 
385 10.2673 0.6143 0.1000 41.6353 2.6872e-01 0.4713 0.0000 0.0000 700.0000 
386 27.3919 0.6241 0.1000 43.0694 3.7525e-01 0.4681 0.0000 0.0000 700.0000 
387 11.4929 0.5305 0.1000 19.1356 1.6706e-01 0.3138 0.0000 0.0000 700.0000 
388 24.3932 0.5470 0.1000 5.7001 4.2452e-03 0.0396 0.0000 0.0000 700.0000 
389 23.1797 0.7384 0.1000 42.8418 4.5904e-01 0.2147 0.0000 0.0000 700.0000 
390 28.6200 0.4304 0.1000 2.0010 3.1843e-01 0.3323 0.0000 0.0000 700.0000 
391 23.4119 0.4397 0.1000 8.3184 1.7437e-02 0.3855 0.0000 0.0000 700.0000 
392 15.7558 0.4244 0.1000 16.2711 4.3418e-01 0.4679 0.0000 0.0000 700.0000 
393 12.7835 0.5424 0.1000 42.9967 1.0077e-01 0.4372 0.0000 0.0000 700.0000 
394 13.0176 0.7261 0.1000 4.5546 1.8349e-01 0.2109 0.0000 0.0000 700.0000 
395 17.3991 0.7936 0.1000 27.6024 8.4872e-02 0.0252 0.0000 0.0000 700.0000 
396 12.1932 0.5763 0.1000 8.6050 1.6030e-01 0.4362 0.0000 0.0000 700.0000 
397 27.2543 0.6325 0.1000 5.8622 4.2035e-01 0.3351 0.0000 0.0000 700.0000 
398 28.3403 0.4646 0.1000 0.3522 3.4272e-01 0.4017 0.0000 0.0000 700.0000 
399 14.3077 0.6799 0.1000 30.6221 1.6175e-02 0.3189 0.0000 0.0000 700.0000 
400 24.1872 0.5430 0.1000 19.3726 4.3851e-01 0.1946 0.0000 0.0000 700.0000 
401 12.9588 0.5709 0.1000 27.0151 2.2035e-01 0.3399 0.0000 0.0000 700.0000 
402 19.8778 0.7881 0.1000 20.5078 3.1057e-01 0.0015 0.0000 0.0000 700.0000 
403 20.8217 0.6564 0.1000 31.0833 1.5520e-01 0.3283 0.0000 0.0000 700.0000 
404 17.6615 0.7800 0.1000 1.1471 1.3955e-01 0.2694 0.0000 0.0000 700.0000 
405 10.8058 0.4389 0.1000 28.9505 1.6768e-01 0.4803 0.0000 0.0000 700.0000 
406 23.9964 0.7791 0.1000 18.0794 4.1187e-01 0.4102 0.0000 0.0000 700.0000 
407 16.1045 0.7434 0.1000 5.8305 4.9064e-01 0.3849 0.0000 0.0000 700.0000 
408 22.0774 0.5599 0.1000 5.6853 4.3841e-01 0.1056 0.0000 0.0000 700.0000 
409 27.4494 0.5714 0.1000 32.3335 2.2888e-01 0.4741 0.0000 0.0000 700.0000 
410 28.1979 0.7265 0.1000 31.2170 3.6111e-02 0.1595 0.0000 0.0000 700.0000 
411 14.2512 0.6723 0.1000 19.1773 4.8662e-01 0.1846 0.0000 0.0000 700.0000 
412 24.7545 0.5740 0.1000 28.5341 2.6557e-01 0.0181 0.0000 0.0000 700.0000 
413 22.3703 0.6945 0.1000 10.9436 8.9588e-02 0.0140 0.0000 0.0000 700.0000 
414 24.7932 0.7310 0.1000 23.2664 6.3579e-02 0.3982 0.0000 0.0000 700.0000 
415 28.8415 0.6553 0.1000 5.5873 3.7730e-01 0.4160 0.0000 0.0000 700.0000 
416 21.7289 0.6789 0.1000 32.5756 1.0143e-01 0.0202 0.0000 0.0000 700.0000 
417 29.4929 0.6351 0.1000 36.8085 4.7882e-01 0.4028 0.0000 0.0000 700.0000 
418 13.4010 0.6579 0.1000 42.1328 2.6860e-01 0.2096 0.0000 0.0000 700.0000 
419 28.7596 0.7025 0.1000 33.6596 1.0652e-01 0.1176 0.0000 0.0000 700.0000 
420 29.1984 0.6187 0.1000 18.0688 3.6766e-01 0.1662 0.0000 0.0000 700.0000 
421 23.3822 0.6472 0.1000 33.4207 2.6889e-01 0.2280 0.0000 0.0000 700.0000 
422 15.7259 0.6897 0.1000 16.9711 3.0193e-01 0.2459 0.0000 0.0000 700.0000 
423 21.1990 0.4892 0.1000 30.0403 2.2824e-01 0.4253 0.0000 0.0000 700.0000 
424 25.5843 0.5941 0.1000 36.8687 4.0417e-01 0.1987 0.0000 0.0000 700.0000 
425 18.8886 0.7763 0.1000 19.8148 6.3126e-02 0.2753 0.0000 0.0000 700.0000 
426 25.5233 0.5044 0.1000 42.0180 9.7515e-02 0.0804 0.0000 0.0000 700.0000 
427 26.6162 0.7219 0.1000 32.9322 1.2857e-01 0.2693 0.0000 0.0000 700.0000 
428 15.8692 0.7330 0.1000 36.0823 2.5919e-01 0.0047 0.0000 0.0000 700.0000 
429 28.4852 0.7982 0.1000 3.3358 2.4827e-01 0.0042 0.0000 0.0000 700.0000 
430 25.5737 0.7271 0.1000 33.6947 3.5836e-01 0.4165 0.0000 0.0000 700.0000 
431 12.0718 0.6766 0.1000 42.6483 2.7785e-02 0.2849 0.0000 0.0000 700.0000 
432 23.3604 0.5203 0.1000 16.2865 6.5471e-02 0.1015 0.0000 0.0000 700.0000 
433 19.3907 0.4066 0.1000 18.0019 3.4791e-01 0.2316 0.0000 0.0000 700.0000 
434 20.7190 0.4270 0.1000 23.7984 1.8163e-01 0.3478 0.0000 0.0000 700.0000 
435 24.7032 0.4547 0.1000 35.0356 1.1848e-01 0.2350 0.0000 0.0000 700.0000 
436 14.3184 0.4391 0.1000 3.9641 2.4525e-01 0.2494 0.0000 0.0000 700.0000 
437 16.6113 0.4285 0.1000 17.6477 4.4172e-01 0.1847 0.0000 0.0000 700.0000 
438 14.2754 0.5659 0.1000 23.6321 4.7646e-01 0.0217 0.0000 0.0000 700.0000 
439 16.7005 0.5516 0.1000 2.8993 4.0910e-01 0.0970 0.0000 0.0000 700.0000 
440 27.5515 0.4855 0.1000 27.2454 7.2980e-02 0.0257 0.0000 0.0000 700.0000 
441 18.8648 0.4589 0.1000 28.1396 1.6375e-01 0.0998 0.0000 0.0000 700.0000 
442 23.4929 0.4177 0.1000 38.3307 4.9945e-01 0.0611 0.0000 0.0000 700.0000 
443 23.7901 0.7661 0.1000 39.6972 7.5596e-02 0.1786 0.0000 0.0000 700.0000 
444 18.0741 0.6723 0.1000 34.8468 1.2902e-01 0.2893 0.0000 0.0000 700.0000 
445 24.0446 0.7454 0.1000 7.3811 4.2070e-01 0.0955 0.0000 0.0000 700.0000 
446 14.3609 0.4126 0.1000 2.5661 1.5817e-01 0.0020 0.0000 0.0000 700.0000 
447 28.2171 0.7312 0.1000 23.2400 1.3744e-01 0.2560 0.0000 0.0000 700.0000 
448 20.4360 0.5296 0.1000 33.2024 4.6623e-01 0.2435 0.0000 0.0000 700.0000 
449 10.8835 0.4850 0.1000 1.9056 2.0686e-01 0.1880 0.0000 0.0000 700.0000 
450 20.6993 0.7075 0.1000 17.3826 6.7708e-02 0.0519 0.0000 0.0000 700.0000 
451 18.4935 0.7791 0.1000 28.0063 4.6527e-01 0.3003 0.0000 0.0000 700.0000 
452 16.7725 0.5547 0.1000 35.0373 1.5134e-01 0.0337 0.0000 0.0000 700.0000 
453 19.0719 0.4752 0.1000 14.3306 4.2191e-01 0.1321 0.0000 0.0000 700.0000 
454 29.8800 0.7951 0.1000 8.0146 4.7458e-01 0.2504 0.0000 0.0000 700.0000 
455 11.0838 0.7433 0.1000 9.4605 2.5898e-01 0.4713 0.0000 0.0000 700.0000 
456 16.5652 0.4519 0.1000 14.7560 3.0950e-01 0.0380 0.0000 0.0000 700.0000 
457 17.8164 0.4793 0.1000 3.1265 4.1593e-01 0.0608 0.0000 0.0000 700.0000 
458 27.4873 0.5557 0.1000 7.8032 3.4460e-01 0.3159 0.0000 0.0000 700.0000 
459 26.0835 0.4047 0.1000 2.8276 1.5267e-02 0.2780 0.0000 0.0000 700.0000 
460 23.6061 0.5852 0.1000 35.6601 2.7546e-01 0.1176 0.0000 0.0000 700.0000 
461 19.8130 0.6291 0.1000 30.7933 1.4600e-01 0.1478 0.0000 0.0000 700.0000 
462 25.8185 0.4203 0.1000 25.4125 1.0221e-01 0.1949 0.0000 0.0000 700.0000 
463 15.0886 0.6455 0.1000 35.1574 4.2561e-01 0.1566 0.0000 0.0000 700.0000 
464 24.7407 0.4250 0.1000 43.3375 1.8366e-02 0.0596 0.0000 0.0000 700.0000 
465 28.9247 0.5186 0.1000 39.9958 8.8517e-02 0.3185 0.0000 0.0000 700.0000 
466 26.0807 0.7080 0.1000 32.1342 3.5053e-01 0.1379 0.0000 0.0000 700.0000 
467 13.2257 0.4793 0.1000 16.2859 2.7178e-01 0.2973 0.0000 0.0000 700.0000 
468 23.9877 0.6644 0.1000 12.9749 1.0219e-01 0.1629 0.0000 0.0000 700.0000 
469 21.2362 0.6766 0.1000 36.1559 3.6842e-01 0.4929 0.0000 0.0000 700.0000 
470 26.9518 0.5115 0.1000 13.7256 1.4297e-01 0.2504 0.0000 0.0000 700.0000 
471 14.5126 0.7139 0.1000 7.7682 3.1822e-01 0.3801 0.0000 0.0000 700.0000 
472 14.3270 0.5999 0.1000 25.9048 2.5923e-01 0.0257 0.0000 0.0000 700.0000 
473 25.8920 0.6185 0.1000 30.3159 3.6400e-01 0.3002 0.0000 0.0000 700.0000 
474 15.7519 0.6321 0.1000 28.6726 3.3079e-01 0.4442 0.0000 0.0000 700.0000 
475 12.4619 0.5946 0.1000 13.8113 3.1208e-01 0.2611 0.0000 0.0000 700.0000 
476 19.2790 0.5433 0.1000 24.2274 2.6362e-01 0.4235 0.0000 0.0000 700.0000 
477 25.0315 0.5498 0.1000 36.3818 3.0886e-01 0.0831 0.0000 0.0000 700.0000 
478 27.6583 0.7767 0.1000 11.9818 1.6305e-01 0.2894 0.0000 0.0000 700.0000 
479 16.6305 0.6912 0.1000 7.1077 4.4506e-02 0.2045 0.0000 0.0000 700.0000 
480 24.9737 0.4425 0.1000 9.8817 4.3971e-01 0.2006 0.0000 0.0000 700.0000 
481 27.0722 0.7983 0.1000 9.3683 4.4588e-01 0.2211 0.0000 0.0000 700.0000 
482 11.3214 0.4544 0.1000 8.8636 2.1922e-01 0.3950 0.0000 0.0000 700.0000 
483 19.9886 0.7295 0.1000 29.7467 2.7425e-01 0.1931 0.0000 0.0000 700.0000 
484 23.6055 0.7037 0.1000 15.4121 4.0345e-01 0.1997 0.0000 0.0000 700.0000 
485 17.7428 0.4546 0.1000 32.4172 2.0230e-01 0.0865 0.0000 0.0000 700.0000 
486 21.4514 0.4256 0.1000 12.4676 4.9122e-02 0.3992 0.0000 0.0000 700.0000 
487 17.8621 0.5557 0.1000 13.2362 3.5737e-01 0.0295 0.0000 0.0000 700.0000 
488 11.8857 0.5353 0.1000 20.4477 4.0607e-01 0.3082 0.0000 0.0000 700.0000 
489 16.4673 0.6789 0.1000 37.4709 4.8542e-01 0.0485 0.0000 0.0000 700.0000 
490 18.5561 0.5276 0.1000 26.4411 1.4625e-01 0.1764 0.0000 0.0000 700.0000 
491 26.4320 0.5186 0.1000 13.7557 3.6335e-01 0.3954 0.0000 0.0000 700.0000 
492 11.0133 0.4030 0.1000 25.2784 3.6286e-01 0.1397 0.0000 0.0000 700.0000 
493 15.6511 0.5104 0.1000 20.1149 1.8219e-01 0.1240 0.0000 0.0000 700.0000 
494 28.9708 0.6551 0.1000 5.9825 3.0576e-01 0.3737 0.0000 0.0000 700.0000 
495 24.1887 0.4790 0.1000 6.9042 1.3045e-01 0.1455 0.0000 0.0000 700.0000 
496 20.2847 0.4081 0.1000 13.5905 1.7805e-01 0.4375 0.0000 0.0000 700.0000 
497 20.0763 0.5383 0.1000 23.1360 9.1979e-02 0.4029 0.0000 0.0000 700.0000 
498 29.6398 0.7228 0.1000 34.4551 3.9617e-01 0.0345 0.0000 0.0000 700.0000 
499 14.1396 0.5814 0.1000 0.3545 2.6114e-02 0.4091 0.0000 0.0000 700.0000 
500 12.9762 0.4675 0.1000 42.7322 3.2417e-01 0.4183 0.0000 0.0000 700.0000 
501 19.7106 0.6698 0.1000 33.3727 2.5832e-01 0.2098 0.0000 0.0000 700.0000 
502 28.2831 0.7595 0.1000 11.8091 3.4106e-01 0.4924 0.0000 0.0000 700.0000 
503 13.3224 0.6159 0.1000 8.3592 1.6647e-01 0.0626 0.0000 0.0000 700.0000 
504 14.1093 0.6105 0.1000 28.7036 2.1086e-01 0.3596 0.0000 0.0000 700.0000 
505 23.2560 0.7050 0.1000 40.7894 2.6273e-01 0.3876 0.0000 0.0000 700.0000 
506 27.8607 0.5423 0.1000 12.9708 3.3629e-01 0.2275 0.0000 0.0000 700.0000 
507 21.5548 0.7134 0.1000 34.6918 2.5829e-02 0.3978 0.0000 0.0000 700.0000 
508 24.2706 0.6339 0.1000 9.3071 2.8966e-01 0.2264 0.0000 0.0000 700.0000 
509 16.4807 0.5412 0.1000 35.3407 2.8533e-01 0.4991 0.0000 0.0000 700.0000 
510 13.5304 0.6788 0.1000 23.5494 1.4406e-02 0.2549 0.0000 0.0000 700.0000 
511 22.3726 0.5678 0.1000 12.3473 1.1393e-01 0.0640 0.0000 0.0000 700.0000 
512 13.5258 0.6325 0.1000 40.8248 4.6502e-01 0.2988 0.0000 0.0000 700.0000 
513 22.8442 0.4086 0.1000 28.9946 3.5440e-01 0.2131 0.0000 0.0000 700.0000 
514 20.2112 0.5181 0.1000 26.6156 3.4147e-01 0.0560 0.0000 0.0000 700.0000 
515 13.4702 0.5857 0.1000 33.2617 1.6794e-01 0.3395 0.0000 0.0000 700.0000 
516 21.3675 0.5194 0.1000 15.5166 5.8718e-02 0.3638 0.0000 0.0000 700.0000 
517 20.6059 0.4036 0.1000 25.7329 4.4807e-01 0.4167 0.0000 0.0000 700.0000 
518 16.9029 0.5033 0.1000 6.8365 4.1590e-01 0.2199 0.0000 0.0000 700.0000 
519 27.5728 0.6611 0.1000 26.7712 9.6231e-02 0.1030 0.0000 0.0000 700.0000 
520 22.7309 0.7816 0.1000 38.9938 3.7401e-01 0.3332 0.0000 0.0000 700.0000 
521 11.5126 0.5195 0.1000 5.8887 4.8236e-01 0.3918 0.0000 0.0000 700.0000 
522 15.8419 0.4824 0.1000 40.6576 2.9749e-01 0.1386 0.0000 0.0000 700.0000 
523 18.6220 0.5676 0.1000 37.8198 2.2497e-02 0.4250 0.0000 0.0000 700.0000 
524 25.3189 0.4406 0.1000 23.6415 1.8174e-01 0.4572 0.0000 0.0000 700.0000 
525 21.6778 0.7753 0.1000 16.5855 2.3664e-01 0.0441 0.0000 0.0000 700.0000 
526 28.9633 0.5513 0.1000 2.6009 3.2710e-02 0.1950 0.0000 0.0000 700.0000 
527 20.7330 0.4478 0.1000 29.2325 2.3378e-01 0.3878 0.0000 0.0000 700.0000 
528 17.9310 0.4618 0.1000 36.4697 4.7702e-01 0.4386 0.0000 0.0000 700.0000 
529 10.6427 0.4368 0.1000 7.7661 2.3413e-01 0.2384 0.0000 0.0000 700.0000 
530 18.3118 0.7414 0.1000 24.6632 4.4313e-01 0.2816 0.0000 0.0000 700.0000 
531 21.9717 0.5604 0.1000 8.6175 1.4857e-01 0.3107 0.0000 0.0000 700.0000 
532 16.1949 0.4129 0.1000 6.6297 3.4800e-01 0.4810 0.0000 0.0000 700.0000 
533 15.6535 0.5072 0.1000 20.4752 4.4272e-01 0.4716 0.0000 0.0000 700.0000 
534 15.6535 0.5619 0.1000 39.7503 2.4633e-01 0.4437 0.0000 0.0000 700.0000 
535 12.4475 0.6638 0.1000 23.8082 2.1312e-01 0.1102 0.0000 0.0000 700.0000 
536 27.8516 0.7007 0.1000 28.9044 1.9749e-01 0.1317 0.0000 0.0000 700.0000 
537 18.0414 0.5890 0.1000 38.4122 6.4038e-02 0.3742 0.0000 0.0000 700.0000 
538 24.1646 0.6111 0.1000 6.2386 3.0637e-01 0.3380 0.0000 0.0000 700.0000 
539 29.6761 0.5990 0.1000 13.0902 2.0379e-01 0.4861 0.0000 0.0000 700.0000 
540 18.4263 0.6084 0.1000 11.8007 4.7128e-02 0.1376 0.0000 0.0000 700.0000 
541 18.9241 0.6538 0.1000 39.8133 4.0962e-01 0.2933 0.0000 0.0000 700.0000 
542 16.4737 0.5971 0.1000 32.4130 2.4723e-01 0.4863 0.0000 0.0000 700.0000 
543 27.7231 0.5078 0.1000 9.5746 4.6450e-01 0.2280 0.0000 0.0000 700.0000 
544 29.0818 0.4373 0.1000 27.4207 3.6401e-01 0.3004 0.0000 0.0000 700.0000 
545 19.1381 0.4917 0.1000 10.9176 1.9947e-02 0.4926 0.0000 0.0000 700.0000 
546 14.6579 0.7836 0.1000 31.0876 3.5346e-01 0.1489 0.0000 0.0000 700.0000 
547 28.1938 0.4563 0.1000 42.4511 8.6281e-02 0.4860 0.0000 0.0000 700.0000 
548 28.0610 0.4895 0.1000 44.6909 4.5519e-01 0.0386 0.0000 0.0000 700.0000 
549 24.6984 0.5090 0.1000 33.4612 7.0156e-02 0.2946 0.0000 0.0000 700.0000 
550 15.3946 0.6764 0.1000 30.5756 3.2290e-01 0.4057 0.0000 0.0000 700.0000 
551 27.5108 0.6789 0.1000 1.4008 3.3283e-01 0.2227 0.0000 0.0000 700.0000 
552 29.9481 0.7724 0.1000 30.8819 7.8695e-02 0.2027 0.0000 0.0000 700.0000 
553 17.0481 0.6294 0.1000 25.8299 3.3182e-01 0.4090 0.0000 0.0000 700.0000 
554 22.6884 0.7606 0.1000 2.8653 2.4793e-01 0.1723 0.0000 0.0000 700.0000 
555 11.1327 0.4086 0.1000 34.4602 1.7459e-01 0.1802 0.0000 0.0000 700.0000 
556 29.0828 0.6468 0.1000 27.1451 2.2449e-02 0.1478 0.0000 0.0000 700.0000 
557 26.9891 0.7593 0.1000 30.6013 2.1128e-01 0.3887 0.0000 0.0000 700.0000 
558 25.4280 0.5644 0.1000 12.4435 7.1561e-02 0.2688 0.0000 0.0000 700.0000 
559 26.7451 0.4454 0.1000 9.8279 1.1699e-01 0.3630 0.0000 0.0000 700.0000 
560 13.3483 0.5315 0.1000 10.9944 3.1157e-01 0.1785 0.0000 0.0000 700.0000 
561 13.7021 0.4523 0.1000 1.5492 3.1169e-01 0.0666 0.0000 0.0000 700.0000 
562 20.4096 0.4612 0.1000 20.5722 4.8472e-01 0.3428 0.0000 0.0000 700.0000 
563 17.7646 0.7039 0.1000 25.4866 2.7745e-01 0.4927 0.0000 0.0000 700.0000 
564 25.3868 0.7286 0.1000 15.6178 8.3571e-02 0.1029 0.0000 0.0000 700.0000 
565 29.7522 0.6320 0.1000 26.9309 2.0594e-01 0.3915 0.0000 0.0000 700.0000 
566 15.2521 0.5809 0.1000 32.1631 4.5908e-01 0.2513 0.0000 0.0000 700.0000 
567 25.3206 0.6137 0.1000 40.9556 1.2724e-01 0.1029 0.0000 0.0000 700.0000 
568 25.8100 0.4939 0.1000 38.5291 3.1707e-01 0.2647 0.0000 0.0000 700.0000 
569 25.9459 0.5466 0.1000 1.6294 3.8051e-01 0.1041 0.0000 0.0000 700.0000 
570 17.6622 0.5734 0.1000 37.0779 2.2058e-01 0.4620 0.0000 0.0000 700.0000 
571 27.2695 0.5459 0.1000 33.4449 2.3453e-01 0.0933 0.0000 0.0000 700.0000 
572 12.2385 0.6313 0.1000 42.5112 3.6039e-01 0.0560 0.0000 0.0000 700.0000 
573 28.7907 0.4777 0.1000 7.0147 4.7229e-01 0.2234 0.0000 0.0000 700.0000 
574 28.6472 0.6008 0.1000 15.4196 1.6821e-01 0.3385 0.0000 0.0000 700.0000 
575 16.0458 0.6078 0.1000 14.2801 4.8047e-01 0.4266 0.0000 0.0000 700.0000 
576 28.3789 0.4829 0.1000 43.7869 4.9048e-01 0.2274 0.0000 0.0000 700.0000 
577 29.7116 0.5158 0.1000 1.3293 4.3342e-01 0.3027 0.0000 0.0000 700.0000 
578 15.6288 0.6363 0.1000 40.9480 3.4821e-01 0.1569 0.0000 0.0000 700.0000 
579 18.1316 0.6769 0.1000 39.2638 9.8661e-02 0.0466 0.0000 0.0000 700.0000 
580 25.0396 0.6230 0.1000 36.8027 2.2004e-01 0.0359 0.0000 0.0000 700.0000 
581 25.3165 0.7832 0.1000 10.1928 1.3998e-01 0.3558 0.0000 0.0000 700.0000 
582 21.5799 0.6460 0.1000 26.1250 4.4278e-01 0.0067 0.0000 0.0000 700.0000 
583 29.7990 0.4264 0.1000 4.6849 4.8462e-01 0.4516 0.0000 0.0000 700.0000 
584 17.9667 0.7169 0.1000 41.1537 2.5703e-01 0.1885 0.0000 0.0000 700.0000 
585 11.8513 0.7914 0.1000 8.6127 7.1717e-02 0.0081 0.0000 0.0000 700.0000 
586 13.5401 0.5840 0.1000 2.1584 1.2301e-01 0.2667 0.0000 0.0000 700.0000 
587 16.3843 0.7169 0.1000 9.8245 2.6097e-01 0.4088 0.0000 0.0000 700.0000 
588 19.5430 0.6712 0.1000 10.4728 1.3101e-01 0.1308 0.0000 0.0000 700.0000 
589 16.6115 0.5498 0.1000 30.3725 3.1951e-01 0.4560 0.0000 0.0000 700.0000 
590 18.0396 0.5113 0.1000 12.4125 4.7666e-01 0.0047 0.0000 0.0000 700.0000 
591 26.5708 0.7801 0.1000 32.7067 4.4857e-01 0.0932 0.0000 0.0000 700.0000 
592 29.8224 0.5933 0.1000 21.9550 1.2425e-01 0.0267 0.0000 0.0000 700.0000 
593 28.9259 0.5989 0.1000 32.8143 4.8566e-02 0.4116 0.0000 0.0000 700.0000 
594 17.6766 0.7528 0.1000 21.2763 1.8002e-01 0.0305 0.0000 0.0000 700.0000 
595 12.1107 0.7938 0.1000 38.7021 2.3082e-01 0.4596 0.0000 0.0000 700.0000 
596 27.4546 0.4332 0.1000 16.8279 4.2423e-01 0.1409 0.0000 0.0000 700.0000 
597 21.1789 0.5315 0.1000 23.2215 3.0960e-02 0.3816 0.0000 0.0000 700.0000 
598 29.9515 0.7308 0.1000 13.8296 1.8836e-01 0.0216 0.0000 0.0000 700.0000 
599 19.6575 0.6323 0.1000 33.5916 2.6414e-01 0.2669 0.0000 0.0000 700.0000 
600 25.3335 0.7262 0.1000 27.7725 2.2850e-01 0.0866 0.0000 0.0000 700.0000 
601 10.4875 0.6635 0.1000 2.7512 2.7976e-01 0.1898 0.0000 0.0000 700.0000 
602 24.4067 0.6895 0.1000 44.2931 4.0213e-01 0.4842 0.0000 0.0000 700.0000 
603 13.7231 0.5572 0.1000 3.3664 4.5590e-01 0.1260 0.0000 0.0000 700.0000 
604 12.0842 0.5576 0.1000 28.9495 4.1836e-01 0.2850 0.0000 0.0000 700.0000 
605 22.4547 0.5261 0.1000 34.6554 4.0422e-01 0.4514 0.0000 0.0000 700.0000 
606 10.8989 0.4870 0.1000 20.6839 1.0797e-01 0.1549 0.0000 0.0000 700.0000 
607 14.3730 0.4513 0.1000 38.3495 3.1714e-01 0.3362 0.0000 0.0000 700.0000 
608 10.0451 0.5522 0.1000 28.1159 2.1532e-01 0.1700 0.0000 0.0000 700.0000 
609 14.5230 0.6608 0.1000 22.7554 3.9359e-01 0.0253 0.0000 0.0000 700.0000 
610 18.5581 0.6035 0.1000 23.3886 4.5630e-01 0.1661 0.0000 0.0000 700.0000 
611 16.3793 0.7156 0.1000 32.7188 6.2247e-02 0.2802 0.0000 0.0000 700.0000 
612 10.7237 0.5875 0.1000 29.4419 4.5167e-01 0.4076 0.0000 0.0000 700.0000 
613 13.5340 0.5733 0.1000 9.0957 4.1174e-01 0.1026 0.0000 0.0000 700.0000 
614 19.5990 0.6407 0.1000 4.3415 3.9368e-01 0.2436 0.0000 0.0000 700.0000 
615 11.4590 0.4518 0.1000 30.8553 3.5394e-01 0.4875 0.0000 0.0000 700.0000 
616 20.2091 0.6301 0.1000 32.1981 2.0724e-01 0.4014 0.0000 0.0000 700.0000 
617 21.0360 0.6940 0.1000 29.2821 2.6637e-02 0.0823 0.0000 0.0000 700.0000 
618 29.1131 0.7919 0.1000 4.8925 1.0495e-01 0.4507 0.0000 0.0000 700.0000 
619 26.6953 0.4510 0.1000 8.1473 4.4614e-04 0.4785 0.0000 0.0000 700.0000 
620 21.6915 0.7204 0.1000 22.8896 3.5984e-02 0.0050 0.0000 0.0000 700.0000 
621 24.7168 0.7801 0.1000 31.5568 4.3940e-01 0.2572 0.0000 0.0000 700.0000 
622 26.1695 0.4554 0.1000 33.0871 4.0652e-01 0.4728 0.0000 0.0000 700.0000 
623 20.0481 0.4815 0.1000 6.5188 4.8676e-01 0.0080 0.0000 0.0000 700.0000 
624 18.3335 0.5846 0.1000 24.0731 4.7548e-01 0.2722 0.0000 0.0000 700.0000 
625 16.0938 0.6591 0.1000 44.1514 2.4083e-01 0.1965 0.0000 0.0000 700.0000 
626 23.6505 0.6382 0.1000 41.0995 3.7441e-01 0.1134 0.0000 0.0000 700.0000 
627 17.1955 0.5685 0.1000 31.8382 3.3627e-01 0.3303 0.0000 0.0000 700.0000 
628 12.2004 0.6837 0.1000 18.4494 2.8112e-01 0.3482 0.0000 0.0000 700.0000 
629 10.2053 0.7888 0.1000 26.7391 4.5415e-01 0.2644 0.0000 0.0000 700.0000 
630 14.8870 0.7547 0.1000 24.5514 3.3544e-01 0.0776 0.0000 0.0000 700.0000 
631 25.3943 0.6713 0.1000 35.0196 3.7890e-01 0.2333 0.0000 0.0000 700.0000 
632 11.6191 0.4527 0.1000 33.2267 1.0374e-01 0.4921 0.0000 0.0000 700.0000 
633 23.3903 0.7156 0.1000 21.2800 3.5796e-01 0.1924 0.0000 0.0000 700.0000 
634 10.6461 0.6029 0.1000 17.0114 4.0527e-02 0.2571 0.0000 0.0000 700.0000 
635 27.3690 0.4907 0.1000 22.1964 2.5415e-01 0.1892 0.0000 0.0000 700.0000 
636 12.3084 0.6580 0.1000 41.2473 1.5968e-01 0.2506 0.0000 0.0000 700.0000 
637 15.2006 0.4610 0.1000 25.8535 5.8316e-04 0.4633 0.0000 0.0000 700.0000 
638 26.9581 0.5508 0.1000 2.0591 2.5561e-01 0.3394 0.0000 0.0000 700.0000 
639 12.2801 0.7265 0.1000 18.7987 7.4643e-02 0.1988 0.0000 0.0000 700.0000 
640 12.8062 0.5337 0.1000 27.2281 4.4972e-01 0.4544 0.0000 0.0000 700.0000 
641 28.0674 0.6035 0.1000 31.5391 3.0209e-01 0.4576 0.0000 0.0000 700.0000 
642 15.4364 0.4848 0.1000 17.5795 2.2730e-01 0.1121 0.0000 0.0000 700.0000 
643 27.9496 0.5723 0.1000 27.1578 3.3193e-02 0.4903 0.0000 0.0000 700.0000 
644 21.3949 0.4618 0.1000 26.4864 2.8739e-01 0.0983 0.0000 0.0000 700.0000 
645 23.8572 0.5110 0.1000 9.4221 4.3914e-01 0.4638 0.0000 0.0000 700.0000 
646 12.4837 0.7124 0.1000 18.1277 9.0966e-02 0.2326 0.0000 0.0000 700.0000 
647 13.2659 0.4322 0.1000 13.0481 3.5287e-01 0.2082 0.0000 0.0000 700.0000 
648 29.1120 0.5642 0.1000 29.3212 1.1433e-01 0.2400 0.0000 0.0000 700.0000 
649 23.9730 0.7105 0.1000 36.1327 2.7414e-01 0.1233 0.0000 0.0000 700.0000 
650 26.2577 0.4115 0.1000 2.2599 2.1600e-01 0.0887 0.0000 0.0000 700.0000 
651 23.8129 0.7413 0.1000 1.1672 1.6109e-01 0.1517 0.0000 0.0000 700.0000 
652 27.3226 0.7805 0.1000 43.0635 3.8773e-01 0.2232 0.0000 0.0000 700.0000 
653 29.9909 0.4918 0.1000 39.0326 6.7247e-02 0.2779 0.0000 0.0000 700.0000 
654 26.6939 0.7129 0.1000 4.9448 6.4496e-02 0.4786 0.0000 0.0000 700.0000 
655 11.6588 0.7285 0.1000 2.1738 3.6478e-01 0.2383 0.0000 0.0000 700.0000 
656 28.8800 0.5236 0.1000 38.1261 5.5266e-02 0.0047 0.0000 0.0000 700.0000 
657 14.2100 0.5563 0.1000 27.0181 2.7323e-01 0.0654 0.0000 0.0000 700.0000 
658 28.0312 0.6924 0.1000 14.3887 4.2339e-01 0.1250 0.0000 0.0000 700.0000 
659 13.9074 0.7999 0.1000 42.7713 2.4066e-01 0.4661 0.0000 0.0000 700.0000 
660 29.8012 0.6676 0.1000 35.1507 1.8637e-01 0.4292 0.0000 0.0000 700.0000 
661 22.5351 0.5875 0.1000 29.5156 1.2835e-01 0.0796 0.0000 0.0000 700.0000 
662 26.3611 0.7278 0.1000 33.9674 2.2525e-01 0.2549 0.0000 0.0000 700.0000 
663 15.9609 0.7014 0.1000 23.3117 3.7135e-01 0.3487 0.0000 0.0000 700.0000 
664 19.2524 0.5011 0.1000 44.0411 2.4952e-01 0.0276 0.0000 0.0000 700.0000 
665 21.2185 0.4771 0.1000 9.0384 3.4506e-01 0.1412 0.0000 0.0000 700.0000 
666 17.2182 0.4063 0.1000 28.1009 4.2283e-01 0.3406 0.0000 0.0000 700.0000 
667 15.9935 0.6181 0.1000 13.1477 3.5201e-01 0.4276 0.0000 0.0000 700.0000 
668 15.1333 0.5599 0.1000 25.3424 1.8738e-01 0.1318 0.0000 0.0000 700.0000 
669 10.3627 0.6738 0.1000 31.4616 3.9454e-01 0.3430 0.0000 0.0000 700.0000 
670 15.7815 0.6579 0.1000 24.2708 1.3979e-01 0.0277 0.0000 0.0000 700.0000 
671 24.0536 0.6713 0.1000 31.4725 2.0497e-01 0.2511 0.0000 0.0000 700.0000 
672 20.0618 0.7457 0.1000 20.5863 5.5564e-02 0.4823 0.0000 0.0000 700.0000 
673 18.0453 0.6872 0.1000 17.5326 9.0811e-02 0.4266 0.0000 0.0000 700.0000 
674 14.9503 0.4478 0.1000 43.1944 2.6545e-01 0.1878 0.0000 0.0000 700.0000 
675 11.3562 0.6992 0.1000 39.1620 1.9868e-01 0.3884 0.0000 0.0000 700.0000 
676 29.7166 0.4833 0.1000 0.9555 2.8538e-02 0.2521 0.0000 0.0000 700.0000 
677 21.2595 0.5922 0.1000 40.3089 1.8743e-01 0.3493 0.0000 0.0000 700.0000 
678 29.9203 0.4120 0.1000 9.1604 3.3431e-01 0.2546 0.0000 0.0000 700.0000 
679 25.9408 0.6923 0.1000 9.4608 1.1488e-01 0.4128 0.0000 0.0000 700.0000 
680 12.7494 0.4007 0.1000 3.3493 3.3808e-01 0.2491 0.0000 0.0000 700.0000 
681 20.2179 0.6442 0.1000 2.4894 1.0277e-01 0.2129 0.0000 0.0000 700.0000 
682 11.7281 0.7982 0.1000 24.5697 4.8046e-02 0.2724 0.0000 0.0000 700.0000 
683 19.0663 0.5391 0.1000 41.9812 3.8536e-01 0.4952 0.0000 0.0000 700.0000 
684 24.0984 0.5327 0.1000 41.1716 2.6952e-01 0.3353 0.0000 0.0000 700.0000 
685 15.6606 0.6025 0.1000 32.8517 3.7007e-01 0.0760 0.0000 0.0000 700.0000 
686 24.2822 0.5419 0.1000 38.8404 1.2248e-01 0.1063 0.0000 0.0000 700.0000 
687 17.9586 0.7943 0.1000 8.2062 2.3975e-01 0.2110 0.0000 0.0000 700.0000 
688 13.4631 0.5907 0.1000 14.2630 1.2681e-01 0.2560 0.0000 0.0000 700.0000 
689 28.1345 0.5258 0.1000 28.9183 1.8523e-01 0.2144 0.0000 0.0000 700.0000 
690 24.9013 0.7939 0.1000 6.9855 3.7107e-01 0.3793 0.0000 0.0000 700.0000 
691 27.6844 0.6807 0.1000 29.4201 3.5872e-01 0.1421 0.0000 0.0000 700.0000 
692 15.1946 0.7067 0.1000 17.0399 1.9462e-02 0.3083 0.0000 0.0000 700.0000 
693 23.9551 0.7989 0.1000 42.0135 4.4381e-01 0.4746 0.0000 0.0000 700.0000 
694 22.9112 0.4471 0.1000 13.8765 8.1978e-02 0.2043 0.0000 0.0000 700.0000 
695 15.3205 0.4055 0.1000 42.3713 2.5788e-01 0.2796 0.0000 0.0000 700.0000 
696 18.7987 0.4458 0.1000 18.9539 4.2861e-01 0.0999 0.0000 0.0000 700.0000 
697 25.5004 0.4535 0.1000 1.1114 4.1969e-01 0.0747 0.0000 0.0000 700.0000 
698 23.0317 0.6469 0.1000 2.2693 4.0130e-01 0.3830 0.0000 0.0000 700.0000 
699 12.2986 0.6167 0.1000 43.4114 3.9018e-02 0.0250 0.0000 0.0000 700.0000 
700 12.2860 0.4503 0.1000 10.0134 4.4230e-01 0.0401 0.0000 0.0000 700.0000 
701 28.6890 0.7270 0.1000 42.2163 1.2175e-02 0.2707 0.0000 0.0000 700.0000 
702 10.8840 0.7681 0.1000 25.8470 1.3343e-01 0.4523 0.0000 0.0000 700.0000 
703 26.5570 0.4885 0.1000 7.7230 1.1780e-01 0.1209 0.0000 0.0000 700.0000 
704 27.0038 0.7349 0.1000 37.2679 4.6816e-03 0.0941 0.0000 0.0000 700.0000 
705 23.4942 0.4483 0.1000 43.1189 2.2234e-02 0.2106 0.0000 0.0000 700.0000 
706 25.3003 0.5806 0.1000 34.0860 4.2787e-01 0.3816 0.0000 0.0000 700.0000 
707 26.0194 0.7084 0.1000 7.8306 2.4998e-01 0.1039 0.0000 0.0000 700.0000 
708 11.1452 0.5012 0.1000 31.5834 1.5165e-01 0.0057 0.0000 0.0000 700.0000 
709 26.0837 0.4104 0.1000 35.9293 1.0814e-01 0.1842 0.0000 0.0000 700.0000 
710 28.1041 0.7377 0.1000 15.6004 4.3625e-01 0.3091 0.0000 0.0000 700.0000 
711 23.2225 0.4391 0.1000 36.9270 1.9675e-01 0.1190 0.0000 0.0000 700.0000 
712 11.1425 0.4017 0.1000 31.5372 2.8768e-01 0.2087 0.0000 0.0000 700.0000 
713 10.7381 0.4316 0.1000 5.1976 3.7898e-01 0.1783 0.0000 0.0000 700.0000 
714 27.2613 0.7453 0.1000 18.4690 3.5241e-01 0.2998 0.0000 0.0000 700.0000 
715 16.5306 0.7335 0.1000 5.1689 2.2699e-01 0.2731 0.0000 0.0000 700.0000 
716 15.3319 0.4622 0.1000 0.1235 3.6060e-02 0.0386 0.0000 0.0000 700.0000 
717 12.2921 0.5259 0.1000 16.2467 3.8226e-01 0.3840 0.0000 0.0000 700.0000 
718 18.8721 0.4771 0.1000 26.6054 4.0778e-01 0.1871 0.0000 0.0000 700.0000 
719 11.0197 0.7607 0.1000 1.4992 3.9989e-01 0.0352 0.0000 0.0000 700.0000 
720 24.0469 0.5012 0.1000 40.6860 4.6361e-01 0.2375 0.0000 0.0000 700.0000 
721 22.8854 0.6439 0.1000 35.1054 5.2598e-02 0.1703 0.0000 0.0000 700.0000 
722 23.2305 0.7052 0.1000 3.4151 4.8416e-01 0.2525 0.0000 0.0000 700.0000 
723 14.4389 0.4158 0.1000 35.3129 1.5793e-01 0.2255 0.0000 0.0000 700.0000 
724 19.5173 0.5237 0.1000 13.6136 2.8455e-01 0.2815 0.0000 0.0000 700.0000 
725 21.7451 0.5441 0.1000 28.0401 2.6118e-01 0.1871 0.0000 0.0000 700.0000 
726 19.6461 0.7587 0.1000 0.2526 4.4238e-01 0.3896 0.0000 0.0000 700.0000 
727 27.9797 0.7996 0.1000 23.7869 3.2556e-01 0.3296 0.0000 0.0000 700.0000 
728 16.5127 0.7139 0.1000 9.2282 8.9967e-02 0.4256 0.0000 0.0000 700.0000 
729 19.3925 0.6370 0.1000 36.8678 3.1635e-01 0.0613 0.0000 0.0000 700.0000 
730 22.2004 0.5421 0.1000 10.2837 3.4746e-02 0.1955 0.0000 0.0000 700.0000 
731 19.1162 0.5954 0.1000 17.0045 3.9304e-01 0.2605 0.0000 0.0000 700.0000 
732 14.1039 0.5026 0.1000 12.1147 3.1208e-01 0.2563 0.0000 0.0000 700.0000 
733 26.7488 0.4890 0.1000 13.4504 1.5659e-01 0.2824 0.0000 0.0000 700.0000 
734 24.7812 0.5137 0.1000 1.6302 2.5874e-01 0.2785 0.0000 0.0000 700.0000 
735 26.4785 0.5414 0.1000 19.5820 4.2504e-01 0.2549 0.0000 0.0000 700.0000 
736 14.0280 0.4662 0.1000 12.3482 2.8186e-01 0.4300 0.0000 0.0000 700.0000 
737 10.9021 0.4834 0.1000 13.9859 9.4596e-02 0.3415 0.0000 0.0000 700.0000 
738 28.3163 0.6689 0.1000 2.6443 2.7612e-01 0.3785 0.0000 0.0000 700.0000 
739 11.9058 0.7617 0.1000 32.5223 7.6313e-02 0.0048 0.0000 0.0000 700.0000 
740 26.9161 0.4497 0.1000 26.3536 1.1651e-01 0.2323 0.0000 0.0000 700.0000 
741 24.0274 0.6910 0.1000 34.6951 3.9883e-01 0.1607 0.0000 0.0000 700.0000 
742 15.3467 0.4475 0.1000 22.7940 1.0811e-01 0.4655 0.0000 0.0000 700.0000 
743 20.2366 0.6991 0.1000 5.0104 2.9543e-01 0.1959 0.0000 0.0000 700.0000 
744 13.3121 0.7881 0.1000 15.7372 4.9700e-01 0.3889 0.0000 0.0000 700.0000 
745 14.3319 0.4477 0.1000 14.2752 2.6356e-01 0.2123 0.0000 0.0000 700.0000 
746 14.6225 0.5251 0.1000 8.7094 1.9429e-01 0.4245 0.0000 0.0000 700.0000 
747 15.1316 0.7346 0.1000 41.5096 3.0573e-01 0.4046 0.0000 0.0000 700.0000 
748 25.7068 0.4449 0.1000 12.7184 4.8354e-01 0.0148 0.0000 0.0000 700.0000 
749 22.0684 0.4863 0.1000 25.1003 3.1502e-01 0.3533 0.0000 0.0000 700.0000 
750 27.8359 0.4504 0.1000 28.8705 3.9625e-01 0.4165 0.0000 0.0000 700.0000 
751 23.6289 0.7890 0.1000 24.1465 9.2715e-02 0.4511 0.0000 0.0000 700.0000 
752 17.3329 0.4098 0.1000 15.4959 2.8334e-01 0.2024 0.0000 0.0000 700.0000 
753 14.3112 0.5947 0.1000 19.4115 3.1050e-01 0.4438 0.0000 0.0000 700.0000 
754 20.8218 0.7797 0.1000 40.0683 2.1940e-01 0.4196 0.0000 0.0000 700.0000 
755 29.9346 0.7446 0.1000 23.9014 3.4273e-01 0.4950 0.0000 0.0000 700.0000 
756 13.4664 0.4709 0.1000 15.5216 1.5366e-01 0.0877 0.0000 0.0000 700.0000 
757 21.1509 0.6838 0.1000 31.3889 4.5167e-01 0.2831 0.0000 0.0000 700.0000 
758 29.6304 0.7443 0.1000 30.6835 1.6342e-01 0.2781 0.0000 0.0000 700.0000 
759 17.9694 0.7392 0.1000 41.8132 4.2816e-01 0.0301 0.0000 0.0000 700.0000 
760 29.1422 0.7936 0.1000 0.2521 2.3643e-01 0.0828 0.0000 0.0000 700.0000 
761 12.8370 0.4485 0.1000 14.1310 2.1932e-01 0.2348 0.0000 0.0000 700.0000 
762 29.3286 0.5121 0.1000 28.1679 1.5400e-01 0.1760 0.0000 0.0000 700.0000 
763 21.6813 0.6798 0.1000 19.1310 3.7495e-01 0.4214 0.0000 0.0000 700.0000 
764 20.9358 0.4318 0.1000 43.5036 2.2328e-01 0.4792 0.0000 0.0000 700.0000 
765 15.8295 0.5836 0.1000 7.4842 5.7457e-02 0.2231 0.0000 0.0000 700.0000 
766 22.2289 0.7490 0.1000 44.3092 7.1928e-02 0.0041 0.0000 0.0000 700.0000 
767 28.6053 0.6166 0.1000 8.6658 1.9947e-01 0.3132 0.0000 0.0000 700.0000 
768 24.9648 0.5402 0.1000 13.1413 2.8515e-01 0.4449 0.0000 0.0000 700.0000 
769 11.7288 0.6180 0.1000 19.5462 2.5107e-01 0.3308 0.0000 0.0000 700.0000 
770 26.6791 0.7732 0.1000 2.4069 7.9773e-02 0.1414 0.0000 0.0000 700.0000 
771 24.8014 0.7075 0.1000 9.0784 3.7384e-01 0.4383 0.0000 0.0000 700.0000 
772 21.4868 0.7849 0.1000 12.4453 3.5730e-01 0.0147 0.0000 0.0000 700.0000 
773 12.3020 0.4995 0.1000 2.7531 4.5699e-01 0.4529 0.0000 0.0000 700.0000 
774 29.3613 0.6132 0.1000 33.7185 2.9581e-01 0.1184 0.0000 0.0000 700.0000 
775 12.1167 0.4162 0.1000 18.7521 2.2774e-01 0.3231 0.0000 0.0000 700.0000 
776 23.5371 0.6393 0.1000 15.7794 7.3870e-02 0.0912 0.0000 0.0000 700.0000 
777 23.0489 0.4483 0.1000 41.0811 4.9288e-01 0.1439 0.0000 0.0000 700.0000 
778 18.4780 0.5938 0.1000 20.6866 4.9665e-01 0.1019 0.0000 0.0000 700.0000 
779 16.0229 0.5832 0.1000 9.9384 1.8608e-02 0.2741 0.0000 0.0000 700.0000 
780 22.0929 0.6794 0.1000 12.2856 4.3916e-01 0.2198 0.0000 0.0000 700.0000 
781 29.0688 0.6128 0.1000 44.9425 3.1419e-01 0.0893 0.0000 0.0000 700.0000 
782 14.3192 0.4452 0.1000 25.0909 2.9847e-01 0.3814 0.0000 0.0000 700.0000 
783 11.4353 0.6423 0.1000 10.7903 9.6565e-02 0.2585 0.0000 0.0000 700.0000 
784 27.5259 0.7418 0.1000 34.0741 7.6173e-02 0.2595 0.0000 0.0000 700.0000 
785 15.9187 0.4150 0.1000 10.6012 4.5474e-01 0.0601 0.0000 0.0000 700.0000 
786 29.3305 0.4042 0.1000 1.3357 1.4779e-01 0.4818 0.0000 0.0000 700.0000 
787 27.1686 0.7127 0.1000 13.8284 5.7094e-02 0.3952 0.0000 0.0000 700.0000 
788 26.7076 0.5474 0.1000 28.1370 1.2674e-01 0.2434 0.0000 0.0000 700.0000 
789 12.7012 0.7914 0.1000 20.2160 1.0493e-01 0.2403 0.0000 0.0000 700.0000 
790 29.2313 0.4550 0.1000 33.5784 2.7558e-01 0.3780 0.0000 0.0000 700.0000 
791 16.5628 0.7196 0.1000 33.0975 2.6794e-01 0.3296 0.0000 0.0000 700.0000 
792 29.6804 0.7582 0.1000 17.9710 1.6632e-01 0.0007 0.0000 0.0000 700.0000 
793 13.5288 0.7261 0.1000 2.2290 2.4704e-01 0.3809 0.0000 0.0000 700.0000 
794 11.8775 0.7924 0.1000 43.3121 3.9357e-01 0.3141 0.0000 0.0000 700.0000 
795 21.8744 0.6060 0.1000 22.3542 1.9857e-01 0.3770 0.0000 0.0000 700.0000 
796 17.8857 0.7901 0.1000 43.3680 3.3105e-01 0.4583 0.0000 0.0000 700.0000 
797 13.5529 0.7733 0.1000 19.5433 3.0416e-01 0.1388 0.0000 0.0000 700.0000 
798 15.7126 0.7035 0.1000 19.3953 3.4475e-01 0.1814 0.0000 0.0000 700.0000 
799 29.0910 0.6061 0.1000 9.2996 6.9220e-02 0.1066 0.0000 0.0000 700.0000 
