0 11.1197 0.5981 0.1000 9.8165 1.7506e-01 0.4465 0.0000 0.0000 300.0000 
1 14.1324 0.7088 0.1000 17.2830 6.6620e-02 0.2449 0.0000 0.0000 300.0000 
2 17.6403 0.4645 0.1000 24.6569 1.8123e-01 0.2609 0.0000 0.0000 300.0000 
3 17.7334 0.6229 0.1000 14.6611 3.5667e-01 0.0878 0.0000 0.0000 300.0000 
4 20.2093 0.7786 0.1000 20.7432 4.9362e-02 0.1047 0.0000 0.0000 300.0000 
5 28.3930 0.7156 0.1000 1.3872 4.1464e-01 0.1387 0.0000 0.0000 300.0000 
6 25.1892 0.7172 0.1000 12.8037 2.0839e-01 0.2978 0.0000 0.0000 300.0000 
7 14.4013 0.4372 0.1000 11.9323 1.7594e-01 0.2595 0.0000 0.0000 300.0000 
8 20.1284 0.6066 0.1000 3.9820 4.1630e-01 0.3242 0.0000 0.0000 300.0000 
9 23.5417 0.4969 0.1000 12.2837 2.4825e-01 0.2144 0.0000 0.0000 300.0000 
10 17.7396 0.5140 0.1000 27.3256 2.9853e-01 0.3366 0.0000 0.0000 300.0000 
11 15.8466 0.7000 0.1000 17.7956 1.4377e-01 0.0247 0.0000 0.0000 300.0000 
12 21.8093 0.5885 0.1000 35.0774 3.0967e-01 0.4619 0.0000 0.0000 300.0000 
13 10.9682 0.6112 0.1000 33.2126 3.9011e-02 0.1035 0.0000 0.0000 300.0000 
14 16.2994 0.6058 0.1000 23.5171 4.8982e-01 0.2747 0.0000 0.0000 300.0000 
15 25.1930 0.5229 0.1000 4.1687 2.4339e-01 0.2774 0.0000 0.0000 300.0000 
16 23.1802 0.6568 0.1000 4.8603 2.3957e-01 0.0196 0.0000 0.0000 300.0000 
17 23.2643 0.7790 0.1000 34.8712 4.6365e-01 0.4973 0.0000 0.0000 300.0000 
18 29.4127 0.7933 0.1000 39.8673 1.1797e-01 0.2423 0.0000 0.0000 300.0000 
19 26.8237 0.6443 0.1000 17.4597 2.5347e-01 0.4026 0.0000 0.0000 300.0000 
20 19.4522 0.5375 0.1000 37.9584 1.7991e-01 0.0032 0.0000 0.0000 300.0000 
21 22.5276 0.6354 0.1000 7.6129 4.5864e-02 0.2949 0.0000 0.0000 300.0000 
22 21.7311 0.4255 0.1000 29.9486 4.7704e-01 0.3483 0.0000 0.0000 300.0000 
23 26.5568 0.7538 0.1000 1.0405 1.7695e-01 0.4365 0.0000 0.0000 300.0000 
24 19.3512 0.7234 0.1000 5.7012 2.8807e-01 0.3909 0.0000 0.0000 300.0000 
25 27.8940 0.6064 0.1000 34.0966 3.4269e-02 0.2141 0.0000 0.0000 300.0000 
26 28.0420 0.7369 0.1000 19.0289 1.8429e-01 0.0061 0.0000 0.0000 300.0000 
27 24.8424 0.6088 0.1000 26.7588 3.6944e-01 0.2351 0.0000 0.0000 300.0000 
28 24.4958 0.5908 0.1000 20.7564 4.1346e-01 0.4261 0.0000 0.0000 300.0000 
29 26.0319 0.5836 0.1000 18.6230 2.4431e-01 0.0858 0.0000 0.0000 300.0000 
30 17.3701 0.4540 0.1000 14.7425 1.9425e-01 0.3849 0.0000 0.0000 300.0000 
31 23.2954 0.7340 0.1000 15.4804 2.5120e-01 0.2319 0.0000 0.0000 300.0000 
32 14.9789 0.6412 0.1000 18.6390 4.7403e-01 0.2519 0.0000 0.0000 300.0000 
33 20.6971 0.4281 0.1000 11.0466 2.6241e-01 0.1978 0.0000 0.0000 300.0000 
34 26.6277 0.4288 0.1000 39.9236 1.3888e-01 0.4133 0.0000 0.0000 300.0000 
35 21.1997 0.4274 0.1000 36.9242 1.4774e-01 0.1977 0.0000 0.0000 300.0000 
36 19.9353 0.6457 0.1000 36.6448 2.3611e-01 0.2816 0.0000 0.0000 300.0000 
37 18.3035 0.7050 0.1000 12.5297 5.8540e-02 0.3044 0.0000 0.0000 300.0000 
38 19.9841 0.5065 0.1000 7.1787 2.7277e-01 0.0509 0.0000 0.0000 300.0000 
39 21.1972 0.7133 0.1000 2.3705 3.7716e-01 0.1020 0.0000 0.0000 300.0000 
40 19.1521 0.5567 0.1000 29.3883 2.3235e-01 0.2940 0.0000 0.0000 300.0000 
41 15.9085 0.5790 0.1000 14.5836 1.6168e-01 0.2750 0.0000 0.0000 300.0000 
42 15.7651 0.6856 0.1000 32.6273 4.7850e-01 0.2366 0.0000 0.0000 300.0000 
43 27.1015 0.5099 0.1000 35.5113 4.5183e-01 0.4096 0.0000 0.0000 300.0000 
44 25.8692 0.6852 0.1000 36.4716 2.8896e-02 0.1429 0.0000 0.0000 300.0000 
45 27.1861 0.7384 0.1000 38.7304 3.9262e-01 0.4943 0.0000 0.0000 300.0000 
46 29.1329 0.4290 0.1000 44.1970 5.5143e-02 0.3026 0.0000 0.0000 300.0000 
47 25.1817 0.4078 0.1000 3.5700 4.8648e-01 0.3116 0.0000 0.0000 300.0000 
48 11.4420 0.4071 0.1000 29.9539 1.9399e-01 0.4757 0.0000 0.0000 300.0000 
49 12.3669 0.6345 0.1000 6.5948 3.4715e-01 0.4318 0.0000 0.0000 300.0000 
50 11.8386 0.4758 0.1000 13.9271 4.4916e-01 0.1031 0.0000 0.0000 300.0000 
51 15.4148 0.5581 0.1000 40.3022 2.0602e-01 0.3339 0.0000 0.0000 300.0000 
52 14.0075 0.6904 0.1000 41.9063 4.5180e-01 0.0664 0.0000 0.0000 300.0000 
53 15.7412 0.4493 0.1000 3.9387 4.5387e-01 0.0727 0.0000 0.0000 300.0000 
54 16.3753 0.4508 0.1000 12.3367 4.0840e-01 0.1780 0.0000 0.0000 300.0000 
55 17.6097 0.5093 0.1000 22.8372 1.6485e-01 0.1207 0.0000 0.0000 300.0000 
56 25.9290 0.5515 0.1000 12.8060 7.7788e-02 0.1674 0.0000 0.0000 300.0000 
57 15.7872 0.4847 0.1000 42.2113 3.7220e-01 0.4090 0.0000 0.0000 300.0000 
58 10.7224 0.4999 0.1000 18.7892 9.3070e-02 0.2587 0.0000 0.0000 300.0000 
59 23.7803 0.7927 0.1000 40.1510 3.6879e-01 0.4653 0.0000 0.0000 300.0000 
60 17.3209 0.6595 0.1000 32.9002 7.3890e-02 0.4634 0.0000 0.0000 300.0000 
61 17.5533 0.6224 0.1000 28.4583 1.7117e-01 0.2095 0.0000 0.0000 300.0000 
62 26.8440 0.4581 0.1000 38.8044 2.8325e-01 0.4857 0.0000 0.0000 300.0000 
63 11.2543 0.7668 0.1000 44.9739 3.4645e-01 0.1887 0.0000 0.0000 300.0000 
64 28.5845 0.4325 0.1000 5.0788 3.3991e-01 0.0291 0.0000 0.0000 300.0000 
65 12.6754 0.6025 0.1000 21.7433 1.9717e-01 0.0343 0.0000 0.0000 300.0000 
66 26.3186 0.7027 0.1000 19.2481 3.6356e-01 0.3586 0.0000 0.0000 300.0000 
67 21.6980 0.5096 0.1000 20.1067 4.9106e-01 0.2642 0.0000 0.0000 300.0000 
68 27.4564 0.7735 0.1000 31.4595 4.8413e-01 0.4384 0.0000 0.0000 300.0000 
69 23.9443 0.4288 0.1000 39.0216 4.8113e-01 0.0831 0.0000 0.0000 300.0000 
70 18.9666 0.7457 0.1000 34.8483 7.1223e-02 0.4198 0.0000 0.0000 300.0000 
71 26.1230 0.4899 0.1000 33.1527 4.9233e-01 0.2553 0.0000 0.0000 300.0000 
72 13.9669 0.4646 0.1000 6.6649 4.0696e-01 0.2321 0.0000 0.0000 300.0000 
73 17.3420 0.6990 0.1000 13.8310 4.5176e-01 0.0953 0.0000 0.0000 300.0000 
74 23.6462 0.4244 0.1000 33.3458 3.6971e-01 0.0377 0.0000 0.0000 300.0000 
75 13.7036 0.4358 0.1000 1.8528 1.2495e-01 0.1148 0.0000 0.0000 300.0000 
76 26.1049 0.7642 0.1000 17.1882 2.8623e-01 0.3758 0.0000 0.0000 300.0000 
77 16.6778 0.5244 0.1000 41.2923 9.6543e-02 0.4841 0.0000 0.0000 300.0000 
78 10.5061 0.4523 0.1000 42.3731 2.8950e-01 0.4354 0.0000 0.0000 300.0000 
79 15.0923 0.4588 0.1000 13.8788 4.8918e-01 0.4832 0.0000 0.0000 300.0000 
80 13.8387 0.7247 0.1000 28.5027 2.4394e-01 0.4782 0.0000 0.0000 300.0000 
81 14.9790 0.7446 0.1000 21.5378 2.8308e-01 0.0823 0.0000 0.0000 300.0000 
82 26.2392 0.6642 0.1000 16.8172 2.7217e-01 0.2397 0.0000 0.0000 300.0000 
83 22.2263 0.7765 0.1000 1.7050 3.5865e-01 0.0436 0.0000 0.0000 300.0000 
84 21.3508 0.4752 0.1000 42.5447 4.2084e-01 0.4348 0.0000 0.0000 300.0000 
85 13.0807 0.7688 0.1000 24.4502 4.2557e-01 0.2276 0.0000 0.0000 300.0000 
86 10.5610 0.6597 0.1000 26.9508 3.4434e-01 0.3603 0.0000 0.0000 300.0000 
87 26.2037 0.6571 0.1000 41.8277 2.6180e-01 0.2466 0.0000 0.0000 300.0000 
88 24.2949 0.6360 0.1000 31.4631 3.4934e-01 0.0427 0.0000 0.0000 300.0000 
89 29.7531 0.5163 0.1000 7.9688 2.5103e-01 0.2151 0.0000 0.0000 300.0000 
90 27.7237 0.7066 0.1000 22.2768 3.6540e-01 0.2022 0.0000 0.0000 300.0000 
91 20.9939 0.6274 0.1000 4.0975 3.2264e-01 0.4487 0.0000 0.0000 300.0000 
92 23.7725 0.7494 0.1000 30.6934 2.6228e-01 0.1733 0.0000 0.0000 300.0000 
93 12.0758 0.4096 0.1000 32.5112 3.3007e-01 0.4341 0.0000 0.0000 300.0000 
94 24.0737 0.6914 0.1000 29.4239 3.3120e-01 0.0754 0.0000 0.0000 300.0000 
95 15.1739 0.6306 0.1000 18.7896 4.3624e-01 0.2409 0.0000 0.0000 300.0000 
96 15.0491 0.4530 0.1000 12.8279 1.4965e-01 0.1821 0.0000 0.0000 300.0000 
97 25.8995 0.4797 0.1000 5.0798 4.9697e-01 0.4747 0.0000 0.0000 300.0000 
98 13.1455 0.7764 0.1000 8.3453 3.5777e-01 0.4987 0.0000 0.0000 300.0000 
99 18.0580 0.4864 0.1000 44.1790 2.2416e-01 0.3397 0.0000 0.0000 300.0000 
100 14.0100 0.4722 0.1000 25.0486 2.3958e-01 0.0890 0.0000 0.0000 300.0000 
101 27.8593 0.5950 0.1000 39.5841 4.6451e-01 0.2947 0.0000 0.0000 300.0000 
102 20.4946 0.7399 0.1000 4.6176 4.8902e-01 0.0341 0.0000 0.0000 300.0000 
103 20.0617 0.4674 0.1000 29.0380 3.9118e-02 0.3012 0.0000 0.0000 300.0000 
104 17.7285 0.6845 0.1000 3.6589 2.5753e-01 0.4513 0.0000 0.0000 300.0000 
105 13.9560 0.7339 0.1000 31.5996 2.0171e-01 0.3542 0.0000 0.0000 300.0000 
106 11.7647 0.6195 0.1000 4.3696 6.2115e-02 0.1937 0.0000 0.0000 300.0000 
107 26.7318 0.5163 0.1000 39.1105 3.8449e-01 0.2016 0.0000 0.0000 300.0000 
108 14.5503 0.5091 0.1000 12.7761 7.7915e-02 0.0278 0.0000 0.0000 300.0000 
109 28.7024 0.5774 0.1000 15.5835 1.9624e-01 0.0608 0.0000 0.0000 300.0000 
110 28.5313 0.5099 0.1000 17.7982 4.4460e-01 0.3670 0.0000 0.0000 300.0000 
111 24.1798 0.7006 0.1000 4.6059 1.7924e-02 0.5000 0.0000 0.0000 300.0000 
112 13.7019 0.4116 0.1000 8.3956 5.5100e-02 0.3350 0.0000 0.0000 300.0000 
113 28.4883 0.6601 0.1000 22.7840 2.0866e-01 0.4513 0.0000 0.0000 300.0000 
114 11.4318 0.5193 0.1000 36.8374 1.8006e-01 0.3008 0.0000 0.0000 300.0000 
115 14.3357 0.6616 0.1000 43.7876 4.7974e-01 0.2866 0.0000 0.0000 300.0000 
116 13.7265 0.6643 0.1000 28.6640 3.4041e-01 0.3925 0.0000 0.0000 300.0000 
117 27.4518 0.5871 0.1000 15.2626 4.4727e-01 0.3790 0.0000 0.0000 300.0000 
118 18.1613 0.7525 0.1000 21.8310 4.2297e-01 0.1254 0.0000 0.0000 300.0000 
119 14.0044 0.6201 0.1000 19.1948 3.5535e-02 0.0381 0.0000 0.0000 300.0000 
120 12.0946 0.5428 0.1000 31.7328 4.6737e-01 0.2409 0.0000 0.0000 300.0000 
121 13.3421 0.7657 0.1000 38.3845 2.0121e-01 0.3944 0.0000 0.0000 300.0000 
122 22.9870 0.6311 0.1000 43.1554 4.3288e-01 0.4491 0.0000 0.0000 300.0000 
123 20.4318 0.7623 0.1000 0.4015 1.3967e-02 0.1320 0.0000 0.0000 300.0000 
124 17.5824 0.5112 0.1000 35.5735 1.5727e-01 0.1576 0.0000 0.0000 300.0000 
125 28.9498 0.7700 0.1000 4.1117 4.5648e-02 0.0247 0.0000 0.0000 300.0000 
126 12.6709 0.6225 0.1000 42.0884 2.9423e-01 0.4836 0.0000 0.0000 300.0000 
127 22.6847 0.7499 0.1000 40.5531 4.9820e-01 0.2800 0.0000 0.0000 300.0000 
128 14.6919 0.4979 0.1000 42.9769 3.0400e-01 0.0984 0.0000 0.0000 300.0000 
129 10.6349 0.5345 0.1000 24.6917 2.4017e-02 0.4103 0.0000 0.0000 300.0000 
130 16.4732 0.5336 0.1000 43.1655 2.5954e-01 0.1149 0.0000 0.0000 300.0000 
131 16.2153 0.6700 0.1000 31.7556 6.1959e-02 0.3416 0.0000 0.0000 300.0000 
132 25.6387 0.4359 0.1000 37.2817 2.6804e-01 0.1142 0.0000 0.0000 300.0000 
133 18.6905 0.5089 0.1000 12.0412 3.4028e-01 0.3456 0.0000 0.0000 300.0000 
134 15.5409 0.6701 0.1000 36.5888 3.4099e-01 0.0719 0.0000 0.0000 300.0000 
135 10.3288 0.5676 0.1000 13.7690 2.4803e-01 0.1690 0.0000 0.0000 300.0000 
136 22.9172 0.4946 0.1000 37.8725 2.2962e-01 0.3324 0.0000 0.0000 300.0000 
137 15.1326 0.5931 0.1000 21.1746 3.2518e-01 0.2482 0.0000 0.0000 300.0000 
138 21.0516 0.4764 0.1000 26.9212 1.0454e-01 0.4656 0.0000 0.0000 300.0000 
139 19.3939 0.5618 0.1000 41.3672 1.7373e-01 0.2564 0.0000 0.0000 300.0000 
140 26.2784 0.4888 0.1000 5.9669 4.7518e-01 0.0025 0.0000 0.0000 300.0000 
141 21.4960 0.4492 0.1000 4.4656 4.5445e-02 0.0119 0.0000 0.0000 300.0000 
142 11.1340 0.4305 0.1000 25.0080 4.4110e-02 0.3905 0.0000 0.0000 300.0000 
143 14.3307 0.4209 0.1000 23.5188 1.5823e-01 0.0863 0.0000 0.0000 300.0000 
144 28.5529 0.4256 0.1000 7.8241 2.1466e-02 0.2887 0.0000 0.0000 300.0000 
145 27.5921 0.4563 0.1000 27.4820 1.2788e-03 0.1893 0.0000 0.0000 300.0000 
146 14.5769 0.4808 0.1000 3.7058 4.6138e-01 0.4669 0.0000 0.0000 300.0000 
147 24.1003 0.6946 0.1000 9.4872 2.9805e-02 0.4621 0.0000 0.0000 300.0000 
148 20.9306 0.5164 0.1000 36.5851 3.1170e-01 0.1129 0.0000 0.0000 300.0000 
149 13.8855 0.6365 0.1000 31.7671 9.9571e-02 0.2986 0.0000 0.0000 300.0000 
150 29.1623 0.7456 0.1000 44.3920 7.7350e-02 0.2312 0.0000 0.0000 300.0000 
151 11.0206 0.5038 0.1000 12.5100 2.1554e-01 0.1589 0.0000 0.0000 300.0000 
152 14.2269 0.7181 0.1000 29.7319 2.1595e-01 0.0484 0.0000 0.0000 300.0000 
153 28.2197 0.4035 0.1000 21.0164 2.8539e-01 0.1094 0.0000 0.0000 300.0000 
154 15.9465 0.7428 0.1000 41.5353 1.0125e-02 0.3176 0.0000 0.0000 300.0000 
155 12.0669 0.7258 0.1000 3.1580 3.6810e-01 0.1839 0.0000 0.0000 300.0000 
156 14.0389 0.4880 0.1000 15.4636 9.6201e-02 0.2761 0.0000 0.0000 300.0000 
157 18.8374 0.4764 0.1000 30.3721 5.2470e-02 0.1472 0.0000 0.0000 300.0000 
158 26.8520 0.7406 0.1000 44.2658 2.3496e-01 0.0128 0.0000 0.0000 300.0000 
159 16.4909 0.7518 0.1000 39.2201 1.5431e-01 0.1394 0.0000 0.0000 300.0000 
160 17.7161 0.6307 0.1000 38.8192 2.9982e-01 0.1110 0.0000 0.0000 300.0000 
161 27.5577 0.4892 0.1000 31.9977 2.1433e-01 0.1741 0.0000 0.0000 300.0000 
162 22.4012 0.5523 0.1000 30.2552 4.9986e-01 0.3504 0.0000 0.0000 300.0000 
163 21.4678 0.4230 0.1000 23.5711 3.1926e-01 0.4200 0.0000 0.0000 300.0000 
164 10.6421 0.6920 0.1000 14.2739 2.8662e-01 0.1058 0.0000 0.0000 300.0000 
165 10.3364 0.4183 0.1000 9.1889 1.0152e-01 0.4011 0.0000 0.0000 300.0000 
166 12.4720 0.6003 0.1000 2.6514 2.1173e-01 0.2919 0.0000 0.0000 300.0000 
167 25.1662 0.7721 0.1000 18.4762 3.7588e-01 0.4385 0.0000 0.0000 300.0000 
168 11.5717 0.6504 0.1000 32.6230 1.9588e-01 0.2457 0.0000 0.0000 300.0000 
169 13.6866 0.4559 0.1000 40.6771 2.1968e-01 0.4749 0.0000 0.0000 300.0000 
170 25.5453 0.6566 0.1000 16.0248 2.5081e-01 0.3809 0.0000 0.0000 300.0000 
171 29.9427 0.6345 0.1000 40.2986 4.9998e-01 0.0525 0.0000 0.0000 300.0000 
172 16.2194 0.7648 0.1000 13.6113 2.0689e-01 0.2001 0.0000 0.0000 300.0000 
173 26.5300 0.7074 0.1000 30.2420 5.0900e-02 0.1661 0.0000 0.0000 300.0000 
174 20.4502 0.4981 0.1000 34.6820 3.2401e-02 0.2900 0.0000 0.0000 300.0000 
175 21.0967 0.6020 0.1000 39.0284 1.8395e-01 0.2766 0.0000 0.0000 300.0000 
176 18.6343 0.4823 0.1000 20.8890 2.3817e-01 0.0935 0.0000 0.0000 300.0000 
177 10.1199 0.5867 0.1000 23.5011 3.7389e-01 0.4105 0.0000 0.0000 300.0000 
178 24.2172 0.6100 0.1000 39.7683 1.2116e-01 0.1731 0.0000 0.0000 300.0000 
179 11.1872 0.4414 0.1000 19.4277 2.7990e-01 0.0177 0.0000 0.0000 300.0000 
180 14.4365 0.7580 0.1000 26.7697 4.0632e-01 0.3745 0.0000 0.0000 300.0000 
181 10.5257 0.7405 0.1000 39.1824 1.7054e-01 0.4861 0.0000 0.0000 300.0000 
182 25.8842 0.4577 0.1000 16.4005 2.3150e-02 0.3613 0.0000 0.0000 300.0000 
183 21.7143 0.7404 0.1000 37.8881 3.4977e-01 0.1575 0.0000 0.0000 300.0000 
184 19.7879 0.5409 0.1000 27.4463 2.4483e-01 0.3239 0.0000 0.0000 300.0000 
185 28.2465 0.6045 0.1000 13.0277 2.8555e-01 0.1667 0.0000 0.0000 300.0000 
186 26.2370 0.6265 0.1000 5.7679 3.8474e-01 0.0442 0.0000 0.0000 300.0000 
187 12.4958 0.6867 0.1000 0.4976 4.5269e-01 0.2799 0.0000 0.0000 300.0000 
188 12.3935 0.4138 0.1000 8.5651 2.3054e-01 0.4530 0.0000 0.0000 300.0000 
189 23.6784 0.4084 0.1000 11.3732 2.9956e-01 0.0837 0.0000 0.0000 300.0000 
190 17.0427 0.5655 0.1000 20.5649 1.7487e-01 0.3540 0.0000 0.0000 300.0000 
191 28.5450 0.5413 0.1000 25.4570 6.6762e-02 0.1262 0.0000 0.0000 300.0000 
192 15.7516 0.4027 0.1000 9.2027 3.1181e-01 0.0555 0.0000 0.0000 300.0000 
193 14.1095 0.7526 0.1000 39.7971 4.0371e-01 0.0689 0.0000 0.0000 300.0000 
194 17.2805 0.7368 0.1000 43.7806 2.6394e-01 0.4036 0.0000 0.0000 300.0000 
195 16.4827 0.6741 0.1000 23.3349 3.8762e-01 0.0928 0.0000 0.0000 300.0000 
196 10.5453 0.6020 0.1000 34.0519 4.3922e-01 0.1485 0.0000 0.0000 300.0000 
197 17.4351 0.5123 0.1000 2.7861 2.3037e-01 0.4312 0.0000 0.0000 300.0000 
198 24.3729 0.5215 0.1000 42.4342 4.8034e-01 0.2174 0.0000 0.0000 300.0000 
199 19.5871 0.5094 0.1000 13.5029 1.8898e-01 0.4557 0.0000 0.0000 300.0000 
200 24.8597 0.6326 0.1000 31.0472 1.3127e-01 0.0300 0.0000 0.0000 300.0000 
201 11.8042 0.6165 0.1000 6.5823 3.9989e-01 0.2713 0.0000 0.0000 300.0000 
202 10.6119 0.6024 0.1000 1.2031 4.6415e-01 0.0962 0.0000 0.0000 300.0000 
203 10.8544 0.4690 0.1000 19.2743 4.6060e-01 0.1118 0.0000 0.0000 300.0000 
204 20.9404 0.7255 0.1000 8.3514 4.8863e-01 0.3390 0.0000 0.0000 300.0000 
205 22.1975 0.5890 0.1000 2.0721 1.9219e-01 0.0596 0.0000 0.0000 300.0000 
206 20.0348 0.7369 0.1000 33.8800 1.3722e-01 0.3663 0.0000 0.0000 300.0000 
207 11.0375 0.7831 0.1000 3.4213 4.5908e-01 0.0671 0.0000 0.0000 300.0000 
208 26.5070 0.4626 0.1000 17.2083 2.8218e-01 0.2990 0.0000 0.0000 300.0000 
209 19.1549 0.4253 0.1000 14.1728 3.9024e-01 0.1775 0.0000 0.0000 300.0000 
210 16.9467 0.6455 0.1000 16.1175 3.5311e-01 0.4990 0.0000 0.0000 300.0000 
211 15.7923 0.5886 0.1000 39.4109 4.5470e-01 0.1228 0.0000 0.0000 300.0000 
212 28.5494 0.5806 0.1000 39.5223 4.8811e-01 0.4119 0.0000 0.0000 300.0000 
213 16.3439 0.7275 0.1000 13.2549 4.6846e-01 0.0011 0.0000 0.0000 300.0000 
214 26.2328 0.7967 0.1000 10.4844 3.7156e-01 0.4365 0.0000 0.0000 300.0000 
215 17.0013 0.5479 0.1000 17.2485 8.3466e-02 0.4077 0.0000 0.0000 300.0000 
216 23.5686 0.5018 0.1000 36.7578 3.7314e-01 0.2572 0.0000 0.0000 300.0000 
217 17.4674 0.5249 0.1000 40.9787 4.5622e-01 0.4749 0.0000 0.0000 300.0000 
218 16.4470 0.7261 0.1000 9.1784 4.2516e-01 0.1102 0.0000 0.0000 300.0000 
219 22.3431 0.7669 0.1000 9.5181 4.1020e-01 0.0876 0.0000 0.0000 300.0000 
220 14.8689 0.6257 0.1000 11.2301 3.7150e-01 0.3282 0.0000 0.0000 300.0000 
221 14.5614 0.6218 0.1000 0.0382 2.8275e-01 0.0106 0.0000 0.0000 300.0000 
222 12.6488 0.6080 0.1000 40.9202 3.0241e-01 0.2602 0.0000 0.0000 300.0000 
223 25.4950 0.4754 0.1000 35.5854 2.5666e-01 0.3830 0.0000 0.0000 300.0000 
224 16.8730 0.7661 0.1000 33.4289 4.5046e-01 0.0477 0.0000 0.0000 300.0000 
225 16.9940 0.7201 0.1000 30.6377 4.2480e-01 0.2128 0.0000 0.0000 300.0000 
226 14.2959 0.7251 0.1000 31.4745 9.4844e-02 0.1436 0.0000 0.0000 300.0000 
227 28.4965 0.4583 0.1000 11.1835 4.3792e-01 0.0688 0.0000 0.0000 300.0000 
228 21.9933 0.7062 0.1000 8.7473 1.5448e-01 0.3669 0.0000 0.0000 300.0000 
229 20.6199 0.4981 0.1000 1.6412 2.4032e-01 0.4678 0.0000 0.0000 300.0000 
230 21.5625 0.6586 0.1000 42.7950 4.4916e-01 0.0016 0.0000 0.0000 300.0000 
231 19.9670 0.5271 0.1000 2.3183 7.8504e-02 0.1276 0.0000 0.0000 300.0000 
232 18.4669 0.7689 0.1000 18.6834 4.5469e-01 0.2276 0.0000 0.0000 300.0000 
233 23.8692 0.5554 0.1000 39.6303 2.6935e-01 0.4670 0.0000 0.0000 300.0000 
234 26.3618 0.5765 0.1000 37.3303 4.4876e-01 0.3002 0.0000 0.0000 300.0000 
235 25.9724 0.5014 0.1000 0.3726 4.7680e-02 0.1376 0.0000 0.0000 300.0000 
236 13.6830 0.7831 0.1000 37.5422 9.6668e-02 0.3574 0.0000 0.0000 300.0000 
237 12.8362 0.6317 0.1000 9.2321 6.9586e-03 0.3545 0.0000 0.0000 300.0000 
238 22.9218 0.7465 0.1000 0.0694 8.4895e-02 0.3780 0.0000 0.0000 300.0000 
239 23.5999 0.6272 0.1000 25.4295 4.0846e-01 0.1231 0.0000 0.0000 300.0000 
240 25.8064 0.7608 0.1000 27.1286 3.6353e-01 0.1774 0.0000 0.0000 300.0000 
241 18.5903 0.6495 0.1000 23.0136 4.6142e-01 0.0120 0.0000 0.0000 300.0000 
242 12.9175 0.7851 0.1000 16.3477 1.1295e-02 0.2302 0.0000 0.0000 300.0000 
243 15.1148 0.4584 0.1000 44.3054 2.9794e-01 0.3531 0.0000 0.0000 300.0000 
244 18.3494 0.6615 0.1000 15.9270 4.4978e-01 0.2862 0.0000 0.0000 300.0000 
245 22.9477 0.4350 0.1000 28.1377 3.7396e-01 0.0761 0.0000 0.0000 300.0000 
246 19.9930 0.4817 0.1000 17.5064 4.8506e-01 0.3592 0.0000 0.0000 300.0000 
247 26.4969 0.7598 0.1000 39.4511 3.3937e-01 0.3066 0.0000 0.0000 300.0000 
248 23.6452 0.5177 0.1000 8.5546 1.1176e-01 0.0789 0.0000 0.0000 300.0000 
249 18.5362 0.5813 0.1000 27.5588 4.8610e-01 0.2262 0.0000 0.0000 300.0000 
250 15.4097 0.7740 0.1000 24.8685 2.0374e-01 0.3764 0.0000 0.0000 300.0000 
251 21.1044 0.6360 0.1000 15.3913 8.7682e-02 0.0625 0.0000 0.0000 300.0000 
252 15.9262 0.4451 0.1000 4.1724 1.7781e-01 0.1120 0.0000 0.0000 300.0000 
253 17.8697 0.4063 0.1000 4.7192 3.4627e-01 0.0360 0.0000 0.0000 300.0000 
254 21.1956 0.4918 0.1000 15.6907 2.1135e-01 0.2983 0.0000 0.0000 300.0000 
255 12.0940 0.4114 0.1000 26.0390 2.2926e-01 0.4864 0.0000 0.0000 300.0000 
256 27.7652 0.6467 0.1000 26.9495 3.8743e-01 0.0792 0.0000 0.0000 300.0000 
257 26.8110 0.7383 0.1000 31.7402 2.8308e-01 0.1819 0.0000 0.0000 300.0000 
258 28.8873 0.6918 0.1000 14.9694 2.2528e-01 0.1279 0.0000 0.0000 300.0000 
259 16.0138 0.7545 0.1000 23.7459 4.4219e-02 0.2735 0.0000 0.0000 300.0000 
260 21.0153 0.4927 0.1000 15.1693 1.8995e-02 0.1468 0.0000 0.0000 300.0000 
261 19.0986 0.5573 0.1000 24.9961 1.1797e-02 0.4754 0.0000 0.0000 300.0000 
262 21.3544 0.5284 0.1000 28.2465 2.0494e-03 0.3058 0.0000 0.0000 300.0000 
263 24.2563 0.4453 0.1000 38.1100 4.9783e-01 0.0660 0.0000 0.0000 300.0000 
264 19.2202 0.4820 0.1000 28.2302 3.1698e-01 0.4551 0.0000 0.0000 300.0000 
265 24.6235 0.6327 0.1000 25.4140 3.5218e-01 0.2181 0.0000 0.0000 300.0000 
266 16.7222 0.4313 0.1000 12.4768 1.9963e-01 0.4507 0.0000 0.0000 300.0000 
267 13.2994 0.6803 0.1000 37.6971 1.4165e-01 0.2088 0.0000 0.0000 300.0000 
268 28.1337 0.5745 0.1000 35.2758 3.5270e-01 0.0384 0.0000 0.0000 300.0000 
269 20.3514 0.6269 0.1000 14.1570 1.4083e-01 0.2687 0.0000 0.0000 300.0000 
270 13.2602 0.7785 0.1000 19.5802 2.6675e-01 0.1541 0.0000 0.0000 300.0000 
271 21.8227 0.5301 0.1000 0.8238 4.0087e-01 0.0649 0.0000 0.0000 300.0000 
272 10.7352 0.7391 0.1000 35.5303 4.4740e-01 0.0221 0.0000 0.0000 300.0000 
273 20.3610 0.6617 0.1000 43.5592 3.2181e-01 0.1041 0.0000 0.0000 300.0000 
274 27.0779 0.4282 0.1000 44.3405 3.0425e-02 0.3160 0.0000 0.0000 300.0000 
275 28.5327 0.7051 0.1000 33.9435 1.0282e-01 0.0149 0.0000 0.0000 300.0000 
276 24.5137 0.6520 0.1000 38.3106 4.7359e-01 0.4697 0.0000 0.0000 300.0000 
277 16.4045 0.5982 0.1000 30.3627 3.4526e-01 0.4823 0.0000 0.0000 300.0000 
278 27.3527 0.4884 0.1000 9.3167 1.4334e-01 0.0165 0.0000 0.0000 300.0000 
279 16.9647 0.7315 0.1000 27.2643 1.2309e-01 0.2336 0.0000 0.0000 300.0000 
280 14.7224 0.5382 0.1000 3.4285 3.9777e-01 0.1973 0.0000 0.0000 300.0000 
281 13.4117 0.7042 0.1000 11.4029 9.9368e-02 0.3894 0.0000 0.0000 300.0000 
282 11.0617 0.6323 0.1000 30.5058 2.1523e-01 0.0879 0.0000 0.0000 300.0000 
283 21.3059 0.6730 0.1000 18.3887 3.6913e-01 0.4918 0.0000 0.0000 300.0000 
284 14.4565 0.4796 0.1000 43.1896 2.1120e-01 0.1597 0.0000 0.0000 300.0000 
285 10.4913 0.5843 0.1000 8.7736 5.0929e-02 0.0912 0.0000 0.0000 300.0000 
286 20.0882 0.6267 0.1000 22.1805 3.9562e-01 0.0678 0.0000 0.0000 300.0000 
287 20.0854 0.5212 0.1000 18.4570 3.0230e-01 0.1045 0.0000 0.0000 300.0000 
288 21.1305 0.6818 0.1000 29.2275 7.1657e-02 0.1415 0.0000 0.0000 300.0000 
289 11.8605 0.4445 0.1000 37.2391 4.9704e-01 0.0759 0.0000 0.0000 300.0000 
290 28.7333 0.5986 0.1000 40.5194 4.2498e-01 0.1887 0.0000 0.0000 300.0000 
291 11.6836 0.5740 0.1000 44.4499 1.7948e-01 0.4111 0.0000 0.0000 300.0000 
292 21.8785 0.5631 0.1000 36.1061 4.7218e-01 0.2429 0.0000 0.0000 300.0000 
293 22.2101 0.5837 0.1000 20.8815 3.1656e-01 0.4290 0.0000 0.0000 300.0000 
294 11.7197 0.6419 0.1000 7.5194 1.4537e-01 0.2738 0.0000 0.0000 300.0000 
295 17.0150 0.7557 0.1000 40.7417 4.7912e-01 0.4938 0.0000 0.0000 300.0000 
296 22.8075 0.4267 0.1000 3.3814 3.1621e-01 0.3977 0.0000 0.0000 300.0000 
297 19.8115 0.6087 0.1000 8.7239 3.8206e-01 0.3806 0.0000 0.0000 300.0000 
298 10.8971 0.7888 0.1000 35.3024 6.1622e-02 0.1694 0.0000 0.0000 300.0000 
299 20.0991 0.5468 0.1000 27.1040 2.7812e-01 0.3749 0.0000 0.0000 300.0000 
300 18.1020 0.4768 0.1000 4.7395 2.8750e-01 0.0632 0.0000 0.0000 300.0000 
301 20.9202 0.5208 0.1000 6.3454 8.7455e-02 0.4158 0.0000 0.0000 300.0000 
302 27.9584 0.7462 0.1000 41.1033 3.4908e-01 0.3809 0.0000 0.0000 300.0000 
303 22.6247 0.5100 0.1000 17.6610 4.3889e-01 0.2207 0.0000 0.0000 300.0000 
304 27.8895 0.7257 0.1000 24.5286 2.1728e-01 0.2141 0.0000 0.0000 300.0000 
305 26.7471 0.7163 0.1000 17.7686 2.4089e-01 0.1554 0.0000 0.0000 300.0000 
306 13.0062 0.4429 0.1000 34.9430 4.2322e-01 0.2608 0.0000 0.0000 300.0000 
307 13.1440 0.5195 0.1000 32.7900 3.4636e-01 0.0553 0.0000 0.0000 300.0000 
308 11.4270 0.5814 0.1000 28.2114 1.0760e-01 0.0998 0.0000 0.0000 300.0000 
309 24.2869 0.5387 0.1000 25.1228 1.7180e-01 0.0741 0.0000 0.0000 300.0000 
310 19.5889 0.4441 0.1000 5.7915 4.3098e-01 0.3585 0.0000 0.0000 300.0000 
311 25.1794 0.4188 0.1000 27.7401 3.3946e-01 0.0529 0.0000 0.0000 300.0000 
312 16.6680 0.7997 0.1000 34.6516 3.8778e-01 0.4868 0.0000 0.0000 300.0000 
313 19.1419 0.7095 0.1000 40.6738 1.0664e-02 0.4804 0.0000 0.0000 300.0000 
314 19.3167 0.6050 0.1000 5.8031 3.7761e-01 0.2862 0.0000 0.0000 300.0000 
315 24.0675 0.4754 0.1000 22.3793 4.9685e-01 0.4870 0.0000 0.0000 300.0000 
316 14.9060 0.6729 0.1000 41.1588 3.9922e-01 0.2202 0.0000 0.0000 300.0000 
317 18.7681 0.5332 0.1000 1.1314 1.0680e-01 0.0170 0.0000 0.0000 300.0000 
318 17.3337 0.4009 0.1000 30.9790 6.7745e-02 0.3472 0.0000 0.0000 300.0000 
319 12.5662 0.6232 0.1000 22.0546 4.3875e-01 0.1478 0.0000 0.0000 300.0000 
320 24.0531 0.5059 0.1000 24.0521 4.8412e-01 0.1845 0.0000 0.0000 300.0000 
321 28.2275 0.4162 0.1000 9.7008 3.2027e-01 0.4004 0.0000 0.0000 300.0000 
322 20.2700 0.4822 0.1000 7.1405 1.2475e-02 0.3871 0.0000 0.0000 300.0000 
323 12.9069 0.5880 0.1000 14.3014 4.3379e-01 0.1394 0.0000 0.0000 300.0000 
324 15.8062 0.4086 0.1000 37.3057 3.7627e-01 0.0145 0.0000 0.0000 300.0000 
325 13.6945 0.5629 0.1000 34.4097 3.6318e-01 0.0482 0.0000 0.0000 300.0000 
326 11.9771 0.4494 0.1000 44.4288 2.5493e-01 0.2791 0.0000 0.0000 300.0000 
327 14.6215 0.7738 0.1000 21.1820 1.5674e-01 0.4755 0.0000 0.0000 300.0000 
328 17.3865 0.4951 0.1000 29.4936 4.9070e-02 0.2841 0.0000 0.0000 300.0000 
329 18.4939 0.4460 0.1000 19.2504 2.7365e-01 0.1486 0.0000 0.0000 300.0000 
330 27.1616 0.4200 0.1000 40.3263 4.7467e-01 0.4537 0.0000 0.0000 300.0000 
331 21.6436 0.4719 0.1000 20.7865 4.0202e-01 0.4655 0.0000 0.0000 300.0000 
332 25.7519 0.5406 0.1000 7.5896 4.0059e-01 0.4035 0.0000 0.0000 300.0000 
333 19.0781 0.7777 0.1000 42.4210 1.8574e-02 0.1936 0.0000 0.0000 300.0000 
334 16.0483 0.5172 0.1000 29.8787 2.4525e-01 0.0433 0.0000 0.0000 300.0000 
335 27.7708 0.6770 0.1000 3.4144 4.0488e-02 0.0466 0.0000 0.0000 300.0000 
336 24.0922 0.4190 0.1000 40.5653 2.6916e-01 0.1700 0.0000 0.0000 300.0000 
337 14.1273 0.7853 0.1000 23.4620 3.7086e-01 0.3120 0.0000 0.0000 300.0000 
338 18.9855 0.4581 0.1000 35.5662 1.1842e-01 0.0611 0.0000 0.0000 300.0000 
339 16.5930 0.7583 0.1000 2.8683 3.0427e-01 0.1454 0.0000 0.0000 300.0000 
340 21.6923 0.7447 0.1000 2.9451 3.8226e-01 0.2560 0.0000 0.0000 300.0000 
341 26.3572 0.4251 0.1000 17.7734 6.6202e-02 0.2817 0.0000 0.0000 300.0000 
342 16.1498 0.6501 0.1000 39.4116 2.2918e-01 0.1157 0.0000 0.0000 300.0000 
343 11.7533 0.5975 0.1000 3.8786 2.5399e-01 0.4685 0.0000 0.0000 300.0000 
344 26.3440 0.6993 0.1000 9.8819 1.6775e-03 0.1751 0.0000 0.0000 300.0000 
345 24.2612 0.4986 0.1000 31.9035 3.3396e-01 0.2411 0.0000 0.0000 300.0000 
346 15.8098 0.7852 0.1000 13.1578 2.9998e-01 0.2854 0.0000 0.0000 300.0000 
347 10.0739 0.7009 0.1000 43.5570 1.0739e-01 0.4191 0.0000 0.0000 300.0000 
348 16.4886 0.6940 0.1000 25.9338 1.5271e-02 0.4435 0.0000 0.0000 300.0000 
349 18.9225 0.7665 0.1000 7.8545 1.3631e-01 0.1526 0.0000 0.0000 300.0000 
350 15.2225 0.7854 0.1000 20.1037 3.5547e-01 0.1692 0.0000 0.0000 300.0000 
351 14.1090 0.4403 0.1000 15.2199 2.6667e-01 0.3208 0.0000 0.0000 300.0000 
352 15.0383 0.4322 0.1000 27.0109 1.0989e-01 0.2490 0.0000 0.0000 300.0000 
353 24.3001 0.4724 0.1000 29.1437 1.2592e-01 0.2415 0.0000 0.0000 300.0000 
354 29.4937 0.7261 0.1000 38.1861 2.7269e-03 0.2441 0.0000 0.0000 300.0000 
355 29.8318 0.7331 0.1000 43.9907 2.6280e-01 0.3797 0.0000 0.0000 300.0000 
356 19.3799 0.6864 0.1000 15.5632 1.8705e-01 0.3693 0.0000 0.0000 300.0000 
357 10.5516 0.6029 0.1000 40.5659 2.3940e-01 0.2420 0.0000 0.0000 300.0000 
358 13.0359 0.7998 0.1000 12.9572 6.4845e-02 0.0150 0.0000 0.0000 300.0000 
359 14.0296 0.6011 0.1000 23.5191 3.1713e-02 0.2788 0.0000 0.0000 300.0000 
360 17.8864 0.6430 0.1000 0.5881 2.5932e-01 0.4392 0.0000 0.0000 300.0000 
361 15.4796 0.7717 0.1000 9.3427 4.6341e-01 0.4702 0.0000 0.0000 300.0000 
362 13.2718 0.4601 0.1000 39.5657 2.9637e-02 0.4763 0.0000 0.0000 300.0000 
363 23.6813 0.5634 0.1000 41.3264 3.2724e-03 0.2147 0.0000 0.0000 300.0000 
364 15.2956 0.5549 0.1000 10.9069 1.8193e-01 0.4215 0.0000 0.0000 300.0000 
365 12.9709 0.7719 0.1000 9.5966 1.3227e-01 0.1187 0.0000 0.0000 300.0000 
366 15.4498 0.4477 0.1000 28.7711 2.5182e-03 0.4661 0.0000 0.0000 300.0000 
367 22.0516 0.7678 0.1000 0.5915 1.1699e-02 0.2446 0.0000 0.0000 300.0000 
368 26.3383 0.5081 0.1000 9.9150 2.2088e-01 0.1784 0.0000 0.0000 300.0000 
369 15.5521 0.5733 0.1000 3.1365 2.9875e-01 0.1069 0.0000 0.0000 300.0000 
370 17.0541 0.5318 0.1000 5.5195 1.7374e-02 0.2349 0.0000 0.0000 300.0000 
371 28.7616 0.5332 0.1000 8.6392 1.3964e-01 0.3930 0.0000 0.0000 300.0000 
372 27.6536 0.4424 0.1000 2.4508 4.2813e-01 0.3398 0.0000 0.0000 300.0000 
373 18.0759 0.6448 0.1000 38.0344 6.9011e-02 0.0900 0.0000 0.0000 300.0000 
374 19.0504 0.5799 0.1000 28.3140 3.8247e-01 0.3927 0.0000 0.0000 300.0000 
375 15.6537 0.6146 0.1000 16.5216 8.0241e-02 0.1349 0.0000 0.0000 300.0000 
376 27.1478 0.5202 0.1000 42.4735 1.7327e-01 0.4881 0.0000 0.0000 300.0000 
377 11.2050 0.7739 0.1000 35.2904 2.5129e-01 0.3739 0.0000 0.0000 300.0000 
378 18.7584 0.5478 0.1000 10.5121 3.5170e-01 0.4994 0.0000 0.0000 300.0000 
379 16.0793 0.5051 0.1000 0.4330 2.2225e-01 0.1799 0.0000 0.0000 300.0000 
380 25.9125 0.5464 0.1000 18.3055 2.3249e-01 0.3419 0.0000 0.0000 300.0000 
381 18.3916 0.5447 0.1000 9.2535 4.7007e-01 0.3180 0.0000 0.0000 300.0000 
382 28.8934 0.6659 0.1000 23.3677 2.9186e-02 0.0603 0.0000 0.0000 300.0000 
383 22.3352 0.7447 0.1000 19.6325 3.0026e-02 0.3488 0.0000 0.0000 300.0000 
384 11.0572 0.6213 0.1000 41.8753 1.6281e-01 0.0576 0.0000 0.0000 300.0000 
385 17.7727 0.6661 0.1000 17.0232 3.9107e-01 0.2660 0.0000 0.0000 300.0000 
386 29.9716 0.4642 0.1000 43.5676 3.2894e-01 0.2673 0.0000 0.0000 300.0000 
387 23.4943 0.4081 0.1000 41.2559 1.3544e-01 0.4248 0.0000 0.0000 300.0000 
388 28.7004 0.4684 0.1000 40.1672 4.3122e-01 0.0438 0.0000 0.0000 300.0000 
389 23.9084 0.6470 0.1000 28.4571 1.7601e-01 0.1210 0.0000 0.0000 300.0000 
390 22.0932 0.6043 0.1000 37.0928 4.1022e-01 0.2582 0.0000 0.0000 300.0000 
391 17.1878 0.7348 0.1000 44.2171 2.8577e-01 0.2792 0.0000 0.0000 300.0000 
392 13.4061 0.6491 0.1000 38.9848 1.3540e-01 0.2387 0.0000 0.0000 300.0000 
393 13.3918 0.5207 0.1000 10.9260 3.8152e-01 0.1550 0.0000 0.0000 300.0000 
394 13.5612 0.5431 0.1000 17.3239 4.1003e-01 0.1948 0.0000 0.0000 300.0000 
395 28.4905 0.4693 0.1000 42.4571 2.8836e-01 0.2854 0.0000 0.0000 300.0000 
396 14.3609 0.5231 0.1000 5.5257 1.4440e-01 0.2752 0.0000 0.0000 300.0000 
397 23.2838 0.5120 0.1000 24.1335 1.9062e-02 0.1081 0.0000 0.0000 300.0000 
398 18.3577 0.7473 0.1000 42.7740 3.4896e-01 0.3679 0.0000 0.0000 300.0000 
399 23.8534 0.4090 0.1000 41.2724 3.5269e-02 0.1610 0.0000 0.0000 300.0000 
400 14.1144 0.6329 0.1000 21.7126 2.1307e-01 0.0181 0.0000 0.0000 300.0000 
401 26.8708 0.4614 0.1000 41.0481 2.4744e-01 0.0610 0.0000 0.0000 300.0000 
402 29.0708 0.7249 0.1000 41.2938 3.7551e-01 0.3113 0.0000 0.0000 300.0000 
403 19.7000 0.6729 0.1000 30.5728 4.4282e-01 0.4455 0.0000 0.0000 300.0000 
404 28.9583 0.6872 0.1000 30.5159 3.9022e-01 0.3670 0.0000 0.0000 300.0000 
405 18.6955 0.6785 0.1000 16.7075 2.3460e-01 0.3973 0.0000 0.0000 300.0000 
406 22.6812 0.6962 0.1000 19.1586 2.4690e-01 0.2634 0.0000 0.0000 300.0000 
407 24.8319 0.4707 0.1000 15.8460 1.8480e-01 0.2142 0.0000 0.0000 300.0000 
408 12.1037 0.5206 0.1000 9.2733 3.9111e-01 0.2818 0.0000 0.0000 300.0000 
409 22.5108 0.5486 0.1000 24.9383 3.0084e-02 0.1667 0.0000 0.0000 300.0000 
410 17.5434 0.5046 0.1000 12.0546 1.1030e-01 0.1945 0.0000 0.0000 300.0000 
411 27.4241 0.4252 0.1000 2.4358 1.0443e-01 0.1635 0.0000 0.0000 300.0000 
412 29.9329 0.6737 0.1000 0.6071 6.5191e-02 0.1654 0.0000 0.0000 300.0000 
413 21.9165 0.6711 0.1000 1.6042 1.2631e-01 0.1472 0.0000 0.0000 300.0000 
414 17.9219 0.5454 0.1000 7.7671 2.9690e-01 0.1770 0.0000 0.0000 300.0000 
415 17.2179 0.4294 0.1000 31.0681 4.1996e-01 0.0876 0.0000 0.0000 300.0000 
416 25.1096 0.5477 0.1000 25.4346 1.5571e-01 0.1705 0.0000 0.0000 300.0000 
417 25.4776 0.5053 0.1000 7.8489 6.0352e-02 0.0800 0.0000 0.0000 300.0000 
418 10.8635 0.6385 0.1000 26.0665 1.9132e-01 0.4326 0.0000 0.0000 300.0000 
419 29.4502 0.5682 0.1000 34.1463 7.3556e-02 0.0095 0.0000 0.0000 300.0000 
420 25.9037 0.7842 0.1000 42.8360 9.9962e-02 0.4829 0.0000 0.0000 300.0000 
421 14.5374 0.4897 0.1000 37.1552 2.7797e-01 0.2448 0.0000 0.0000 300.0000 
422 10.6101 0.7107 0.1000 38.0737 3.8690e-02 0.2989 0.0000 0.0000 300.0000 
423 10.5744 0.7088 0.1000 6.5921 1.9831e-01 0.4571 0.0000 0.0000 300.0000 
424 11.4323 0.6139 0.1000 29.3459 8.1827e-02 0.3966 0.0000 0.0000 300.0000 
425 17.9358 0.6167 0.1000 10.0413 3.2925e-01 0.2239 0.0000 0.0000 300.0000 
426 20.8649 0.5016 0.1000 27.6586 4.6704e-01 0.0514 0.0000 0.0000 300.0000 
427 11.8195 0.4056 0.1000 12.1589 1.8592e-01 0.3186 0.0000 0.0000 300.0000 
428 16.5304 0.7387 0.1000 18.9740 3.2013e-01 0.3235 0.0000 0.0000 300.0000 
429 27.0149 0.6292 0.1000 24.0916 1.1014e-03 0.3452 0.0000 0.0000 300.0000 
430 13.1758 0.4029 0.1000 6.1360 2.9496e-01 0.0057 0.0000 0.0000 300.0000 
431 11.3344 0.7750 0.1000 14.9138 1.4480e-01 0.0063 0.0000 0.0000 300.0000 
432 16.0633 0.6623 0.1000 26.4319 3.4205e-01 0.2020 0.0000 0.0000 300.0000 
433 17.4485 0.7400 0.1000 24.0969 3.4660e-01 0.3282 0.0000 0.0000 300.0000 
434 23.3530 0.4380 0.1000 13.0882 3.6030e-01 0.1205 0.0000 0.0000 300.0000 
435 27.5454 0.7353 0.1000 12.5536 2.2106e-01 0.3695 0.0000 0.0000 300.0000 
436 21.4635 0.7512 0.1000 11.1799 3.0385e-01 0.3631 0.0000 0.0000 300.0000 
437 28.6249 0.7135 0.1000 32.1041 4.9233e-01 0.1524 0.0000 0.0000 300.0000 
438 13.2712 0.6628 0.1000 18.9844 1.2539e-01 0.1012 0.0000 0.0000 300.0000 
439 19.6421 0.6383 0.1000 26.4280 1.9842e-01 0.3417 0.0000 0.0000 300.0000 
440 21.3554 0.7956 0.1000 29.1228 4.7867e-01 0.4211 0.0000 0.0000 300.0000 
441 18.4205 0.4750 0.1000 38.5791 3.9289e-01 0.0423 0.0000 0.0000 300.0000 
442 11.8365 0.4530 0.1000 27.4553 4.7059e-01 0.3813 0.0000 0.0000 300.0000 
443 14.6791 0.4581 0.1000 4.3777 3.7733e-01 0.0064 0.0000 0.0000 300.0000 
444 10.6421 0.7743 0.1000 3.8714 3.9054e-01 0.2349 0.0000 0.0000 300.0000 
445 14.1885 0.4537 0.1000 6.0728 2.0436e-01 0.2578 0.0000 0.0000 300.0000 
446 10.7983 0.4172 0.1000 20.4353 4.3389e-01 0.1952 0.0000 0.0000 300.0000 
447 23.4045 0.4872 0.1000 18.1707 2.0149e-02 0.1425 0.0000 0.0000 300.0000 
448 14.7877 0.6698 0.1000 42.7277 3.1525e-01 0.4379 0.0000 0.0000 300.0000 
449 29.6310 0.6073 0.1000 16.0089 1.9524e-01 0.1318 0.0000 0.0000 300.0000 
450 26.7060 0.6149 0.1000 2.1994 1.0445e-01 0.0177 0.0000 0.0000 300.0000 
451 11.4157 0.4162 0.1000 8.1626 1.0346e-01 0.3722 0.0000 0.0000 300.0000 
452 16.7729 0.5032 0.1000 6.6339 1.1643e-02 0.4955 0.0000 0.0000 300.0000 
453 19.1428 0.4329 0.1000 27.0860 4.3229e-01 0.4351 0.0000 0.0000 300.0000 
454 23.4287 0.7240 0.1000 0.7539 3.2230e-01 0.2939 0.0000 0.0000 300.0000 
455 16.1284 0.7631 0.1000 0.2545 1.8282e-02 0.1310 0.0000 0.0000 300.0000 
456 27.3804 0.5670 0.1000 5.6031 3.0581e-01 0.3860 0.0000 0.0000 300.0000 
457 11.0928 0.6057 0.1000 19.3842 2.6009e-01 0.4321 0.0000 0.0000 300.0000 
458 24.0213 0.7595 0.1000 6.0109 4.8507e-01 0.1336 0.0000 0.0000 300.0000 
459 16.5158 0.6283 0.1000 31.6467 1.0881e-02 0.3115 0.0000 0.0000 300.0000 
460 16.0640 0.7119 0.1000 18.5150 4.3751e-02 0.1079 0.0000 0.0000 300.0000 
461 16.4325 0.7023 0.1000 30.8134 2.8363e-01 0.0271 0.0000 0.0000 300.0000 
462 14.9676 0.5179 0.1000 23.7691 4.3020e-02 0.0864 0.0000 0.0000 300.0000 
463 11.7164 0.7239 0.1000 10.4525 3.7179e-01 0.0773 0.0000 0.0000 300.0000 
464 25.7431 0.7409 0.1000 0.8140 3.0664e-03 0.3581 0.0000 0.0000 300.0000 
465 19.4232 0.6799 0.1000 0.9605 4.2624e-01 0.3501 0.0000 0.0000 300.0000 
466 12.7176 0.7504 0.1000 4.5049 3.4236e-01 0.1812 0.0000 0.0000 300.0000 
467 13.2375 0.4986 0.1000 31.3298 3.7151e-01 0.0265 0.0000 0.0000 300.0000 
468 29.9922 0.6628 0.1000 9.3328 4.3214e-01 0.2289 0.0000 0.0000 300.0000 
469 23.9122 0.7999 0.1000 9.9944 1.7677e-01 0.3789 0.0000 0.0000 300.0000 
470 10.8545 0.6054 0.1000 17.2266 6.0535e-02 0.4705 0.0000 0.0000 300.0000 
471 27.7066 0.6279 0.1000 8.3102 1.5959e-01 0.3318 0.0000 0.0000 300.0000 
472 19.2506 0.7600 0.1000 24.3205 2.2391e-01 0.2223 0.0000 0.0000 300.0000 
473 29.5456 0.7579 0.1000 31.0548 1.8934e-01 0.3902 0.0000 0.0000 300.0000 
474 17.5801 0.6575 0.1000 26.0686 3.6841e-02 0.0822 0.0000 0.0000 300.0000 
475 13.5071 0.4121 0.1000 31.1891 3.7915e-01 0.4759 0.0000 0.0000 300.0000 
476 29.3243 0.4488 0.1000 13.9649 4.6306e-01 0.4114 0.0000 0.0000 300.0000 
477 11.8118 0.4229 0.1000 4.8959 1.5069e-01 0.2424 0.0000 0.0000 300.0000 
478 16.3699 0.6177 0.1000 24.7645 1.9704e-01 0.3702 0.0000 0.0000 300.0000 
479 17.0440 0.7908 0.1000 24.7320 3.2095e-02 0.0679 0.0000 0.0000 300.0000 
480 15.5105 0.5011 0.1000 27.2692 2.5103e-01 0.4478 0.0000 0.0000 300.0000 
481 21.0516 0.6941 0.1000 29.4971 2.5141e-01 0.0629 0.0000 0.0000 300.0000 
482 20.9868 0.5869 0.1000 34.3302 4.6181e-01 0.0775 0.0000 0.0000 300.0000 
483 13.2217 0.5600 0.1000 43.5029 4.2084e-01 0.1487 0.0000 0.0000 300.0000 
484 25.9659 0.5602 0.1000 7.7684 2.4100e-01 0.3925 0.0000 0.0000 300.0000 
485 26.5344 0.5941 0.1000 23.6477 1.9358e-01 0.3433 0.0000 0.0000 300.0000 
486 13.7157 0.5296 0.1000 10.7653 3.6115e-01 0.0558 0.0000 0.0000 300.0000 
487 11.1864 0.4960 0.1000 10.6636 3.8598e-01 0.1191 0.0000 0.0000 300.0000 
488 15.4427 0.6514 0.1000 11.1777 3.1233e-01 0.3074 0.0000 0.0000 300.0000 
489 12.4174 0.7875 0.1000 26.9921 3.4691e-02 0.1174 0.0000 0.0000 300.0000 
490 18.6507 0.6183 0.1000 7.6762 1.5769e-01 0.3743 0.0000 0.0000 300.0000 
491 17.5400 0.5496 0.1000 4.5789 2.8229e-01 0.0561 0.0000 0.0000 300.0000 
492 13.4238 0.7426 0.1000 19.4299 1.3814e-01 0.0251 0.0000 0.0000 300.0000 
493 14.5261 0.5228 0.1000 1.0082 4.3098e-01 0.0779 0.0000 0.0000 300.0000 
494 14.9444 0.4263 0.1000 43.5009 4.0970e-01 0.2046 0.0000 0.0000 300.0000 
495 13.1265 0.7549 0.1000 39.2807 6.2810e-02 0.2894 0.0000 0.0000 300.0000 
496 28.4146 0.5871 0.1000 35.5677 3.4687e-01 0.3298 0.0000 0.0000 300.0000 
497 20.1393 0.6069 0.1000 28.0866 4.5187e-01 0.1308 0.0000 0.0000 300.0000 
498 16.6240 0.7928 0.1000 36.6255 3.3425e-01 0.0739 0.0000 0.0000 300.0000 
499 26.2491 0.7465 0.1000 35.4912 4.7385e-01 0.2041 0.0000 0.0000 300.0000 
500 23.1862 0.5274 0.1000 9.0270 1.7453e-01 0.2415 0.0000 0.0000 300.0000 
501 13.5124 0.4945 0.1000 33.8331 2.5675e-01 0.2486 0.0000 0.0000 300.0000 
502 23.9056 0.4697 0.1000 15.8223 4.0570e-01 0.3812 0.0000 0.0000 300.0000 
503 23.0170 0.6275 0.1000 42.3105 1.2086e-01 0.2824 0.0000 0.0000 300.0000 
504 27.5225 0.5968 0.1000 43.4541 9.1343e-02 0.0956 0.0000 0.0000 300.0000 
505 13.4327 0.4332 0.1000 16.4225 1.4277e-01 0.2400 0.0000 0.0000 300.0000 
506 21.3820 0.7742 0.1000 0.1343 2.7356e-01 0.4329 0.0000 0.0000 300.0000 
507 11.8060 0.7910 0.1000 12.3958 6.1654e-02 0.2290 0.0000 0.0000 300.0000 
508 14.6544 0.6323 0.1000 7.6512 7.2691e-02 0.2023 0.0000 0.0000 300.0000 
509 24.5590 0.5483 0.1000 36.8465 2.5612e-01 0.2395 0.0000 0.0000 300.0000 
510 21.0448 0.4312 0.1000 0.0338 2.6361e-01 0.1857 0.0000 0.0000 300.0000 
511 23.9278 0.4518 0.1000 39.4522 1.9976e-01 0.0974 0.0000 0.0000 300.0000 
512 17.1279 0.4570 0.1000 23.9302 2.4319e-01 0.4079 0.0000 0.0000 300.0000 
513 11.4331 0.6447 0.1000 11.3673 1.1351e-01 0.3774 0.0000 0.0000 300.0000 
514 20.7429 0.4537 0.1000 16.4284 3.1064e-01 0.2048 0.0000 0.0000 300.0000 
515 24.4660 0.5377 0.1000 44.9280 7.0078e-02 0.1290 0.0000 0.0000 300.0000 
516 24.3361 0.6578 0.1000 13.7402 4.1994e-01 0.3561 0.0000 0.0000 300.0000 
517 17.6282 0.6161 0.1000 9.9332 9.2138e-02 0.0650 0.0000 0.0000 300.0000 
518 14.2748 0.5080 0.1000 38.8903 1.8739e-01 0.0700 0.0000 0.0000 300.0000 
519 22.2449 0.6787 0.1000 13.9493 1.0818e-01 0.2092 0.0000 0.0000 300.0000 
520 15.9953 0.5491 0.1000 41.2412 1.3371e-01 0.3205 0.0000 0.0000 300.0000 
521 26.8867 0.6475 0.1000 3.2640 3.6057e-01 0.3599 0.0000 0.0000 300.0000 
522 13.3885 0.5662 0.1000 8.4619 1.7348e-01 0.3146 0.0000 0.0000 300.0000 
523 28.8872 0.7318 0.1000 20.8890 4.5627e-01 0.1961 0.0000 0.0000 300.0000 
524 12.7704 0.6147 0.1000 19.7310 5.7629e-02 0.3559 0.0000 0.0000 300.0000 
525 20.2026 0.7829 0.1000 21.2564 4.1044e-01 0.1774 0.0000 0.0000 300.0000 
526 17.3461 0.5111 0.1000 9.8984 7.8731e-03 0.4804 0.0000 0.0000 300.0000 
527 14.1486 0.7562 0.1000 42.7996 3.9016e-01 0.1882 0.0000 0.0000 300.0000 
528 18.2748 0.6328 0.1000 37.9779 2.4393e-01 0.4778 0.0000 0.0000 300.0000 
529 15.9144 0.7207 0.1000 11.3743 1.1761e-01 0.3772 0.0000 0.0000 300.0000 
530 19.2009 0.4708 0.1000 44.1168 2.5921e-01 0.4725 0.0000 0.0000 300.0000 
531 20.3838 0.6004 0.1000 21.1991 4.8664e-02 0.4014 0.0000 0.0000 300.0000 
532 22.2052 0.7032 0.1000 6.7554 1.3416e-01 0.2733 0.0000 0.0000 300.0000 
533 13.6182 0.5725 0.1000 43.6441 1.7389e-01 0.3623 0.0000 0.0000 300.0000 
534 16.4076 0.5940 0.1000 32.7652 2.6205e-01 0.4057 0.0000 0.0000 300.0000 
535 24.6573 0.7931 0.1000 28.6326 4.1914e-01 0.0624 0.0000 0.0000 300.0000 
536 28.5007 0.6608 0.1000 22.0264 4.4286e-01 0.3922 0.0000 0.0000 300.0000 
537 18.2280 0.7894 0.1000 16.3407 3.5574e-01 0.3453 0.0000 0.0000 300.0000 
538 10.8686 0.5184 0.1000 0.8542 2.0823e-01 0.4558 0.0000 0.0000 300.0000 
539 14.5375 0.6818 0.1000 24.7263 4.9809e-01 0.1680 0.0000 0.0000 300.0000 
540 14.2824 0.5295 0.1000 13.9983 3.3449e-01 0.0192 0.0000 0.0000 300.0000 
541 25.6665 0.7147 0.1000 38.1843 1.8513e-02 0.2194 0.0000 0.0000 300.0000 
542 18.8098 0.4954 0.1000 3.6138 7.3769e-02 0.2395 0.0000 0.0000 300.0000 
543 23.6054 0.5579 0.1000 3.1303 1.7314e-01 0.2980 0.0000 0.0000 300.0000 
544 18.0775 0.5840 0.1000 7.7944 4.8676e-01 0.2320 0.0000 0.0000 300.0000 
545 25.0853 0.5530 0.1000 6.3418 3.3608e-01 0.1520 0.0000 0.0000 300.0000 
546 14.9687 0.5390 0.1000 44.5701 6.4075e-02 0.0484 0.0000 0.0000 300.0000 
547 11.9343 0.4185 0.1000 5.7100 2.5508e-01 0.3155 0.0000 0.0000 300.0000 
548 18.8932 0.6502 0.1000 21.9676 3.4643e-01 0.1530 0.0000 0.0000 300.0000 
549 11.8007 0.7133 0.1000 38.9506 2.5242e-01 0.3086 0.0000 0.0000 300.0000 
550 21.0118 0.5628 0.1000 10.1935 3.1318e-01 0.4622 0.0000 0.0000 300.0000 
551 19.4732 0.7986 0.1000 41.1427 1.0228e-01 0.3408 0.0000 0.0000 300.0000 
552 19.0266 0.6890 0.1000 8.3692 2.7948e-01 0.3103 0.0000 0.0000 300.0000 
553 10.2702 0.4125 0.1000 1.0453 4.9017e-03 0.1902 0.0000 0.0000 300.0000 
554 14.2649 0.5106 0.1000 41.5045 2.9485e-01 0.4242 0.0000 0.0000 300.0000 
555 14.8540 0.6210 0.1000 29.8580 1.5535e-02 0.1753 0.0000 0.0000 300.0000 
556 11.0874 0.7817 0.1000 17.2548 2.1009e-01 0.4596 0.0000 0.0000 300.0000 
557 26.2289 0.6073 0.1000 27.2796 2.7041e-01 0.4136 0.0000 0.0000 300.0000 
558 21.5519 0.6945 0.1000 21.7915 4.6346e-01 0.4695 0.0000 0.0000 300.0000 
559 27.8575 0.4520 0.1000 2.5338 3.5232e-01 0.2047 0.0000 0.0000 300.0000 
560 26.2309 0.5243 0.1000 31.3898 2.1302e-01 0.3045 0.0000 0.0000 300.0000 
561 23.9518 0.7372 0.1000 39.1205 1.9502e-01 0.1045 0.0000 0.0000 300.0000 
562 14.0925 0.6416 0.1000 32.3001 1.8986e-01 0.4203 0.0000 0.0000 300.0000 
563 13.4879 0.6417 0.1000 27.3521 4.3752e-01 0.4521 0.0000 0.0000 300.0000 
564 13.6201 0.5775 0.1000 19.6272 2.6427e-01 0.2651 0.0000 0.0000 300.0000 
565 19.1991 0.6985 0.1000 3.1364 4.4941e-01 0.3084 0.0000 0.0000 300.0000 
566 23.1217 0.4483 0.1000 29.5108 3.0546e-01 0.0447 0.0000 0.0000 300.0000 
567 10.0607 0.7007 0.1000 32.8587 1.4933e-02 0.0686 0.0000 0.0000 300.0000 
568 12.7391 0.7157 0.1000 17.9806 2.2063e-01 0.4958 0.0000 0.0000 300.0000 
569 22.2079 0.6957 0.1000 23.1888 8.6841e-02 0.2550 0.0000 0.0000 300.0000 
570 26.6717 0.4622 0.1000 31.7739 1.0629e-01 0.4449 0.0000 0.0000 300.0000 
571 21.0452 0.7297 0.1000 33.1805 1.3449e-01 0.4995 0.0000 0.0000 300.0000 
572 23.3475 0.5204 0.1000 13.2394 2.2071e-01 0.3905 0.0000 0.0000 300.0000 
573 10.7379 0.5387 0.1000 14.1889 2.1188e-01 0.0625 0.0000 0.0000 300.0000 
574 20.5096 0.5459 0.1000 3.8456 3.6332e-01 0.3336 0.0000 0.0000 300.0000 
575 15.9706 0.5783 0.1000 18.4605 3.7462e-01 0.0330 0.0000 0.0000 300.0000 
576 22.5096 0.7621 0.1000 6.4540 2.6062e-01 0.3335 0.0000 0.0000 300.0000 
577 11.4356 0.4355 0.1000 21.4774 2.0944e-01 0.0737 0.0000 0.0000 300.0000 
578 19.0210 0.4966 0.1000 23.0234 2.5783e-01 0.4558 0.0000 0.0000 300.0000 
579 17.6130 0.7836 0.1000 11.6272 1.8120e-01 0.0227 0.0000 0.0000 300.0000 
580 24.0446 0.5429 0.1000 7.7075 4.8622e-01 0.4970 0.0000 0.0000 300.0000 
581 26.0603 0.7201 0.1000 22.3868 2.1813e-02 0.2835 0.0000 0.0000 300.0000 
582 22.8424 0.7418 0.1000 7.5909 4.4572e-01 0.4830 0.0000 0.0000 300.0000 
583 12.7242 0.6058 0.1000 5.4225 3.8077e-01 0.3116 0.0000 0.0000 300.0000 
584 26.3121 0.6960 0.1000 5.3596 3.2178e-01 0.1477 0.0000 0.0000 300.0000 
585 27.0015 0.5473 0.1000 28.9001 2.7647e-01 0.0913 0.0000 0.0000 300.0000 
586 11.7482 0.7134 0.1000 13.5413 4.9373e-01 0.4375 0.0000 0.0000 300.0000 
587 17.5722 0.6897 0.1000 17.4533 4.9601e-01 0.1101 0.0000 0.0000 300.0000 
588 11.5758 0.6802 0.1000 36.5114 3.9662e-01 0.1827 0.0000 0.0000 300.0000 
589 16.2772 0.5008 0.1000 35.7842 1.5920e-01 0.0912 0.0000 0.0000 300.0000 
590 23.4035 0.7115 0.1000 22.8517 1.2734e-01 0.0113 0.0000 0.0000 300.0000 
591 28.4722 0.7556 0.1000 6.4444 3.9661e-01 0.1793 0.0000 0.0000 300.0000 
592 10.1232 0.5854 0.1000 43.6292 1.4350e-01 0.3896 0.0000 0.0000 300.0000 
593 26.2155 0.7333 0.1000 43.0244 1.0525e-01 0.4226 0.0000 0.0000 300.0000 
594 17.5904 0.7478 0.1000 15.2745 4.7279e-01 0.3125 0.0000 0.0000 300.0000 
595 27.5021 0.4635 0.1000 40.3767 1.1338e-02 0.0670 0.0000 0.0000 300.0000 
596 17.6819 0.7345 0.1000 8.3097 2.8966e-01 0.4394 0.0000 0.0000 300.0000 
597 22.1855 0.7534 0.1000 26.6776 6.1984e-03 0.2257 0.0000 0.0000 300.0000 
598 26.5569 0.5208 0.1000 31.6251 3.7113e-01 0.4738 0.0000 0.0000 300.0000 
599 20.6382 0.5209 0.1000 6.4382 3.2543e-02 0.1746 0.0000 0.0000 300.0000 
600 20.1999 0.4896 0.1000 36.0091 8.7378e-02 0.4478 0.0000 0.0000 300.0000 
601 11.1653 0.5556 0.1000 0.5986 1.6170e-01 0.1192 0.0000 0.0000 300.0000 
602 16.2697 0.4197 0.1000 28.8912 3.7602e-01 0.0877 0.0000 0.0000 300.0000 
603 21.4899 0.4079 0.1000 8.3649 4.7588e-01 0.4608 0.0000 0.0000 300.0000 
604 23.1139 0.6146 0.1000 41.0480 1.1331e-03 0.3951 0.0000 0.0000 300.0000 
605 20.9625 0.6839 0.1000 14.8721 2.6636e-01 0.4226 0.0000 0.0000 300.0000 
606 26.9846 0.5593 0.1000 10.0871 3.2189e-01 0.2773 0.0000 0.0000 300.0000 
607 21.6019 0.7741 0.1000 20.2362 7.7175e-02 0.1241 0.0000 0.0000 300.0000 
608 29.8069 0.6897 0.1000 16.1618 1.4775e-02 0.0739 0.0000 0.0000 300.0000 
609 24.3465 0.6294 0.1000 17.4273 2.4353e-01 0.3007 0.0000 0.0000 300.0000 
610 12.1616 0.6564 0.1000 27.8752 2.9700e-01 0.3177 0.0000 0.0000 300.0000 
611 19.8006 0.4195 0.1000 1.8850 2.4033e-01 0.2825 0.0000 0.0000 300.0000 
612 13.1917 0.7010 0.1000 24.2582 2.3407e-01 0.0808 0.0000 0.0000 300.0000 
613 12.7350 0.4312 0.1000 25.7960 4.8244e-01 0.3728 0.0000 0.0000 300.0000 
614 18.4739 0.4878 0.1000 32.3017 3.4043e-01 0.1368 0.0000 0.0000 300.0000 
615 10.9968 0.6099 0.1000 40.9979 1.7796e-01 0.1353 0.0000 0.0000 300.0000 
616 16.0544 0.7263 0.1000 19.1596 1.9040e-02 0.1164 0.0000 0.0000 300.0000 
617 12.1274 0.6409 0.1000 28.0764 1.4943e-01 0.4097 0.0000 0.0000 300.0000 
618 28.4295 0.5239 0.1000 4.6292 1.4017e-01 0.4129 0.0000 0.0000 300.0000 
619 10.8349 0.4016 0.1000 20.2599 2.9817e-01 0.3593 0.0000 0.0000 300.0000 
620 17.9800 0.6540 0.1000 7.2153 1.9863e-01 0.4907 0.0000 0.0000 300.0000 
621 18.7774 0.5436 0.1000 29.6818 3.3827e-01 0.3161 0.0000 0.0000 300.0000 
622 13.6771 0.5460 0.1000 33.7208 5.2569e-02 0.4406 0.0000 0.0000 300.0000 
623 17.2200 0.6443 0.1000 29.9790 4.3251e-01 0.0337 0.0000 0.0000 300.0000 
624 28.7180 0.7413 0.1000 10.2571 3.0300e-01 0.1597 0.0000 0.0000 300.0000 
625 24.9466 0.4201 0.1000 27.5046 5.0429e-02 0.1735 0.0000 0.0000 300.0000 
626 22.4743 0.5421 0.1000 7.3943 3.9406e-01 0.0147 0.0000 0.0000 300.0000 
627 24.0138 0.5563 0.1000 26.3563 4.4912e-01 0.0823 0.0000 0.0000 300.0000 
628 14.1912 0.7216 0.1000 9.1260 3.6313e-01 0.0833 0.0000 0.0000 300.0000 
629 29.0253 0.6627 0.1000 25.9653 3.7588e-01 0.0772 0.0000 0.0000 300.0000 
630 27.8608 0.7448 0.1000 24.0447 6.4057e-02 0.0400 0.0000 0.0000 300.0000 
631 27.1503 0.4213 0.1000 4.1567 4.4375e-01 0.4929 0.0000 0.0000 300.0000 
632 19.6384 0.4120 0.1000 19.6642 1.5706e-01 0.3865 0.0000 0.0000 300.0000 
633 13.3670 0.6661 0.1000 18.3749 1.3959e-02 0.4656 0.0000 0.0000 300.0000 
634 19.9081 0.7975 0.1000 17.6351 3.5532e-01 0.2927 0.0000 0.0000 300.0000 
635 23.4241 0.7153 0.1000 11.7722 1.2275e-01 0.1403 0.0000 0.0000 300.0000 
636 14.9933 0.6227 0.1000 32.3827 2.1291e-01 0.3271 0.0000 0.0000 300.0000 
637 17.5004 0.6888 0.1000 8.1283 3.8592e-01 0.4235 0.0000 0.0000 300.0000 
638 22.0424 0.6968 0.1000 34.0861 4.8650e-01 0.0560 0.0000 0.0000 300.0000 
639 29.7262 0.4926 0.1000 24.4118 6.7540e-02 0.4829 0.0000 0.0000 300.0000 
640 12.1449 0.4227 0.1000 27.8477 2.3608e-01 0.0926 0.0000 0.0000 300.0000 
641 19.7294 0.6365 0.1000 21.5279 3.1575e-01 0.3003 0.0000 0.0000 300.0000 
642 29.3306 0.6210 0.1000 9.5115 4.4262e-01 0.4747 0.0000 0.0000 300.0000 
643 18.5408 0.6854 0.1000 19.6337 3.1103e-01 0.1260 0.0000 0.0000 300.0000 
644 24.6529 0.4012 0.1000 8.8958 6.2296e-02 0.0866 0.0000 0.0000 300.0000 
645 17.5937 0.5701 0.1000 14.3020 2.2252e-01 0.4933 0.0000 0.0000 300.0000 
646 10.8469 0.6228 0.1000 0.8315 2.6275e-01 0.0215 0.0000 0.0000 300.0000 
647 10.5174 0.7179 0.1000 31.4732 4.7192e-01 0.4156 0.0000 0.0000 300.0000 
648 18.4360 0.5946 0.1000 39.6882 1.3515e-01 0.2498 0.0000 0.0000 300.0000 
649 10.4919 0.5978 0.1000 6.4368 4.4977e-01 0.1156 0.0000 0.0000 300.0000 
650 24.1479 0.7582 0.1000 14.3428 1.3844e-01 0.0837 0.0000 0.0000 300.0000 
651 14.0653 0.6789 0.1000 43.6801 3.6433e-01 0.2248 0.0000 0.0000 300.0000 
652 26.8944 0.6644 0.1000 25.0037 1.9924e-01 0.0394 0.0000 0.0000 300.0000 
653 18.3517 0.7882 0.1000 22.9416 5.4689e-02 0.2480 0.0000 0.0000 300.0000 
654 20.6226 0.7867 0.1000 11.7353 8.8379e-02 0.1401 0.0000 0.0000 300.0000 
655 22.9545 0.4904 0.1000 19.7204 3.8135e-01 0.3164 0.0000 0.0000 300.0000 
656 16.2164 0.5376 0.1000 12.8219 9.5062e-02 0.0760 0.0000 0.0000 300.0000 
657 19.6433 0.4325 0.1000 33.0584 1.8253e-01 0.3084 0.0000 0.0000 300.0000 
658 28.3445 0.7060 0.1000 18.8376 3.5550e-01 0.1311 0.0000 0.0000 300.0000 
659 21.9987 0.5531 0.1000 17.5373 2.7814e-01 0.3149 0.0000 0.0000 300.0000 
660 18.8138 0.5324 0.1000 25.9178 2.7230e-01 0.2597 0.0000 0.0000 300.0000 
661 22.9171 0.6498 0.1000 38.8292 2.0318e-01 0.4264 0.0000 0.0000 300.0000 
662 17.9237 0.4585 0.1000 27.2538 1.4313e-01 0.2271 0.0000 0.0000 300.0000 
663 23.3025 0.7369 0.1000 38.1264 4.8870e-01 0.4727 0.0000 0.0000 300.0000 
664 19.8712 0.6957 0.1000 3.1301 3.3155e-01 0.2631 0.0000 0.0000 300.0000 
665 29.2364 0.4575 0.1000 42.3494 2.2381e-02 0.0737 0.0000 0.0000 300.0000 
666 13.0209 0.4402 0.1000 28.6836 3.0842e-01 0.1449 0.0000 0.0000 300.0000 
667 10.3629 0.4797 0.1000 34.6627 1.7779e-01 0.2107 0.0000 0.0000 300.0000 
668 14.1954 0.7056 0.1000 17.7510 3.4814e-01 0.0059 0.0000 0.0000 300.0000 
669 10.2316 0.4896 0.1000 1.5935 3.8117e-01 0.4360 0.0000 0.0000 300.0000 
670 18.5856 0.6872 0.1000 19.7307 2.0337e-01 0.2612 0.0000 0.0000 300.0000 
671 22.2592 0.7731 0.1000 17.8938 8.3707e-02 0.1381 0.0000 0.0000 300.0000 
672 18.2376 0.4139 0.1000 23.6605 7.3833e-02 0.0591 0.0000 0.0000 300.0000 
673 26.5654 0.6356 0.1000 26.0089 9.7289e-02 0.1574 0.0000 0.0000 300.0000 
674 21.3752 0.6462 0.1000 27.0949 3.4528e-01 0.3485 0.0000 0.0000 300.0000 
675 22.9874 0.4518 0.1000 8.7220 3.2277e-01 0.4029 0.0000 0.0000 300.0000 
676 11.1070 0.7687 0.1000 34.5071 1.3271e-02 0.0326 0.0000 0.0000 300.0000 
677 22.2679 0.7694 0.1000 42.2585 1.7838e-02 0.1258 0.0000 0.0000 300.0000 
678 12.6626 0.7782 0.1000 43.8424 3.3373e-01 0.3494 0.0000 0.0000 300.0000 
679 27.9881 0.5574 0.1000 8.0586 2.5577e-01 0.1851 0.0000 0.0000 300.0000 
680 17.5340 0.5807 0.1000 38.9063 3.3278e-01 0.4586 0.0000 0.0000 300.0000 
681 16.3259 0.4205 0.1000 14.8052 1.9762e-01 0.1224 0.0000 0.0000 300.0000 
682 13.4119 0.6198 0.1000 30.8097 1.7602e-01 0.3660 0.0000 0.0000 300.0000 
683 27.0745 0.6685 0.1000 12.1348 7.6568e-02 0.2287 0.0000 0.0000 300.0000 
684 21.6889 0.6994 0.1000 38.2533 1.6745e-01 0.3163 0.0000 0.0000 300.0000 
685 13.9365 0.5437 0.1000 36.6347 1.5489e-01 0.3229 0.0000 0.0000 300.0000 
686 16.9569 0.5373 0.1000 21.8668 8.6780e-02 0.0152 0.0000 0.0000 300.0000 
687 17.0293 0.7974 0.1000 27.5630 1.8801e-01 0.3778 0.0000 0.0000 300.0000 
688 19.1058 0.6180 0.1000 40.2334 4.2237e-01 0.1363 0.0000 0.0000 300.0000 
689 19.6171 0.7256 0.1000 28.2257 7.1703e-02 0.2393 0.0000 0.0000 300.0000 
690 23.2382 0.4139 0.1000 17.3808 9.8735e-02 0.3016 0.0000 0.0000 300.0000 
691 25.9006 0.6713 0.1000 12.4900 1.1210e-01 0.2690 0.0000 0.0000 300.0000 
692 28.0886 0.4613 0.1000 40.4432 2.3928e-01 0.1378 0.0000 0.0000 300.0000 
693 15.1650 0.6427 0.1000 13.7035 2.2570e-01 0.2664 0.0000 0.0000 300.0000 
694 16.2212 0.7974 0.1000 36.9755 3.5277e-01 0.0812 0.0000 0.0000 300.0000 
695 15.1953 0.7878 0.1000 32.8018 3.9370e-01 0.0353 0.0000 0.0000 300.0000 
696 23.7011 0.4954 0.1000 36.0510 3.3922e-01 0.1206 0.0000 0.0000 300.0000 
697 19.8168 0.6093 0.1000 43.6400 2.7488e-01 0.0706 0.0000 0.0000 300.0000 
698 26.6004 0.5812 0.1000 29.5847 2.0468e-02 0.3560 0.0000 0.0000 300.0000 
699 14.9068 0.4601 0.1000 43.5164 4.9550e-03 0.4474 0.0000 0.0000 300.0000 
700 28.8028 0.5971 0.1000 4.9266 8.0341e-02 0.2294 0.0000 0.0000 300.0000 
701 27.3615 0.5875 0.1000 3.4217 4.8859e-01 0.4579 0.0000 0.0000 300.0000 
702 12.3437 0.4935 0.1000 28.7362 7.8849e-02 0.2834 0.0000 0.0000 300.0000 
703 10.8540 0.4578 0.1000 10.2428 4.1357e-01 0.2490 0.0000 0.0000 300.0000 
704 27.0000 0.6329 0.1000 26.5537 2.6678e-01 0.2551 0.0000 0.0000 300.0000 
705 29.4961 0.4057 0.1000 32.8156 3.4271e-01 0.3089 0.0000 0.0000 300.0000 
706 12.1556 0.5182 0.1000 6.5643 2.6644e-01 0.0686 0.0000 0.0000 300.0000 
707 24.5885 0.6597 0.1000 22.6400 2.7761e-01 0.4030 0.0000 0.0000 300.0000 
708 27.2427 0.7932 0.1000 44.3728 1.1280e-01 0.1537 0.0000 0.0000 300.0000 
709 23.0951 0.6771 0.1000 39.2681 1.4739e-01 0.4418 0.0000 0.0000 300.0000 
710 22.8635 0.7120 0.1000 13.4692 8.2451e-02 0.2297 0.0000 0.0000 300.0000 
711 10.7058 0.4387 0.1000 40.6024 2.4868e-01 0.0577 0.0000 0.0000 300.0000 
712 13.3097 0.5156 0.1000 6.2111 3.7915e-01 0.3215 0.0000 0.0000 300.0000 
713 25.4696 0.6637 0.1000 43.8323 4.2764e-01 0.2109 0.0000 0.0000 300.0000 
714 29.2408 0.5296 0.1000 22.5717 4.5738e-01 0.1633 0.0000 0.0000 300.0000 
715 19.1256 0.4906 0.1000 14.4977 4.6832e-03 0.0019 0.0000 0.0000 300.0000 
716 26.3712 0.6279 0.1000 7.8968 3.6609e-01 0.2319 0.0000 0.0000 300.0000 
717 10.3378 0.5842 0.1000 42.5761 2.2119e-01 0.4292 0.0000 0.0000 300.0000 
718 26.5388 0.6055 0.1000 19.3692 2.4246e-01 0.2326 0.0000 0.0000 300.0000 
719 13.0003 0.7128 0.1000 43.2457 4.0216e-01 0.4011 0.0000 0.0000 300.0000 
720 20.3473 0.6696 0.1000 2.9336 3.0534e-01 0.4054 0.0000 0.0000 300.0000 
721 10.6860 0.4907 0.1000 22.4339 2.6001e-01 0.2446 0.0000 0.0000 300.0000 
722 22.5519 0.5664 0.1000 8.7374 1.1429e-01 0.2851 0.0000 0.0000 300.0000 
723 24.9592 0.5373 0.1000 6.6644 8.8862e-02 0.0450 0.0000 0.0000 300.0000 
724 19.2591 0.5360 0.1000 27.8066 7.6098e-02 0.2320 0.0000 0.0000 300.0000 
725 25.1781 0.5143 0.1000 5.6388 8.8007e-02 0.0474 0.0000 0.0000 300.0000 
726 20.4396 0.7422 0.1000 14.4701 2.8142e-01 0.2380 0.0000 0.0000 300.0000 
727 23.0198 0.5677 0.1000 29.5900 1.6865e-01 0.1705 0.0000 0.0000 300.0000 
728 28.6486 0.5306 0.1000 29.8207 1.7457e-04 0.0013 0.0000 0.0000 300.0000 
729 17.6798 0.6043 0.1000 39.0915 3.3267e-02 0.4931 0.0000 0.0000 300.0000 
730 29.0735 0.4407 0.1000 42.4599 4.4576e-02 0.1001 0.0000 0.0000 300.0000 
731 13.7459 0.7793 0.1000 29.6697 2.4028e-01 0.3137 0.0000 0.0000 300.0000 
732 26.9836 0.5642 0.1000 37.1860 2.4656e-01 0.4823 0.0000 0.0000 300.0000 
733 29.8835 0.6214 0.1000 3.9313 3.5087e-01 0.0951 0.0000 0.0000 300.0000 
734 16.9366 0.7096 0.1000 30.4578 1.0579e-01 0.1436 0.0000 0.0000 300.0000 
735 10.0750 0.5880 0.1000 1.4207 4.6903e-01 0.1651 0.0000 0.0000 300.0000 
736 23.6882 0.5746 0.1000 32.2718 4.2018e-01 0.4047 0.0000 0.0000 300.0000 
737 29.4234 0.5210 0.1000 20.7300 1.4965e-01 0.2016 0.0000 0.0000 300.0000 
738 25.2056 0.6783 0.1000 20.5999 1.8318e-01 0.4858 0.0000 0.0000 300.0000 
739 16.7816 0.4421 0.1000 7.3548 2.0235e-01 0.4044 0.0000 0.0000 300.0000 
740 28.2335 0.4894 0.1000 31.0156 2.8363e-01 0.1103 0.0000 0.0000 300.0000 
741 16.5520 0.6812 0.1000 9.2545 3.6957e-01 0.0990 0.0000 0.0000 300.0000 
742 23.9934 0.7586 0.1000 15.1646 3.5702e-01 0.3021 0.0000 0.0000 300.0000 
743 10.1487 0.7827 0.1000 27.5237 1.4214e-01 0.1688 0.0000 0.0000 300.0000 
744 20.7548 0.5805 0.1000 1.0389 3.3643e-02 0.2640 0.0000 0.0000 300.0000 
745 27.7260 0.6557 0.1000 6.7666 2.6700e-02 0.2470 0.0000 0.0000 300.0000 
746 11.5626 0.4416 0.1000 7.4658 3.4424e-01 0.3159 0.0000 0.0000 300.0000 
747 23.4927 0.4941 0.1000 28.5183 1.2094e-01 0.4891 0.0000 0.0000 300.0000 
748 26.4055 0.5016 0.1000 26.9273 1.0739e-01 0.1734 0.0000 0.0000 300.0000 
749 22.4768 0.5678 0.1000 19.8157 3.9002e-01 0.2227 0.0000 0.0000 300.0000 
750 26.7875 0.7564 0.1000 28.5137 7.9497e-02 0.4311 0.0000 0.0000 300.0000 
751 18.4736 0.5372 0.1000 24.4803 3.1114e-01 0.1909 0.0000 0.0000 300.0000 
752 26.1719 0.7131 0.1000 11.3108 2.4769e-01 0.4553 0.0000 0.0000 300.0000 
753 20.9442 0.6522 0.1000 40.0385 1.2966e-01 0.4377 0.0000 0.0000 300.0000 
754 12.0330 0.5792 0.1000 15.3636 4.2553e-01 0.3541 0.0000 0.0000 300.0000 
755 27.5943 0.5492 0.1000 2.4783 1.1745e-01 0.4918 0.0000 0.0000 300.0000 
756 15.1737 0.5319 0.1000 8.4753 4.1662e-01 0.1157 0.0000 0.0000 300.0000 
757 28.5170 0.7366 0.1000 39.8035 4.7723e-01 0.4372 0.0000 0.0000 300.0000 
758 16.4708 0.6235 0.1000 20.3376 8.5105e-02 0.3333 0.0000 0.0000 300.0000 
759 23.9760 0.7687 0.1000 15.6783 1.8049e-01 0.2054 0.0000 0.0000 300.0000 
760 27.5054 0.4070 0.1000 16.7988 1.9268e-01 0.2935 0.0000 0.0000 300.0000 
761 19.9560 0.6118 0.1000 4.3469 1.5506e-01 0.3535 0.0000 0.0000 300.0000 
762 22.7167 0.7670 0.1000 15.5354 2.7837e-03 0.0511 0.0000 0.0000 300.0000 
763 27.1224 0.4489 0.1000 44.6474 4.2939e-01 0.2868 0.0000 0.0000 300.0000 
764 21.7686 0.6280 0.1000 31.1330 4.6584e-01 0.1156 0.0000 0.0000 300.0000 
765 29.7510 0.5234 0.1000 38.7385 3.6465e-01 0.3354 0.0000 0.0000 300.0000 
766 23.1817 0.6410 0.1000 8.5149 7.6837e-02 0.0898 0.0000 0.0000 300.0000 
767 25.7640 0.7088 0.1000 25.0503 3.2157e-01 0.2361 0.0000 0.0000 300.0000 
768 28.4997 0.6769 0.1000 14.3503 6.7967e-02 0.0424 0.0000 0.0000 300.0000 
769 29.3929 0.6462 0.1000 41.2974 2.9501e-01 0.2781 0.0000 0.0000 300.0000 
770 25.2313 0.7203 0.1000 24.1791 3.7208e-01 0.2544 0.0000 0.0000 300.0000 
771 19.2680 0.6197 0.1000 19.3669 3.6697e-01 0.1789 0.0000 0.0000 300.0000 
772 22.2383 0.4530 0.1000 11.6293 2.3687e-01 0.0385 0.0000 0.0000 300.0000 
773 20.1486 0.7554 0.1000 29.1521 2.0731e-01 0.0410 0.0000 0.0000 300.0000 
774 21.0882 0.5750 0.1000 34.4374 1.9341e-01 0.3390 0.0000 0.0000 300.0000 
775 24.7537 0.4502 0.1000 2.7233 4.6474e-01 0.4023 0.0000 0.0000 300.0000 
776 16.9837 0.4193 0.1000 34.8113 2.9830e-02 0.1313 0.0000 0.0000 300.0000 
777 11.0753 0.7350 0.1000 7.8800 4.2026e-01 0.4170 0.0000 0.0000 300.0000 
778 15.2770 0.5062 0.1000 41.6849 3.4638e-01 0.3190 0.0000 0.0000 300.0000 
779 12.8997 0.6980 0.1000 29.4163 4.7447e-01 0.3449 0.0000 0.0000 300.0000 
780 11.0102 0.5035 0.1000 16.2679 3.2134e-01 0.0342 0.0000 0.0000 300.0000 
781 10.9425 0.4160 0.1000 39.8376 3.2161e-01 0.3779 0.0000 0.0000 300.0000 
782 29.9382 0.6491 0.1000 21.0758 4.3614e-01 0.3241 0.0000 0.0000 300.0000 
783 20.5706 0.5547 0.1000 28.3097 1.0745e-01 0.3466 0.0000 0.0000 300.0000 
784 10.4723 0.7032 0.1000 42.7219 6.2553e-02 0.0317 0.0000 0.0000 300.0000 
785 11.7495 0.7259 0.1000 2.2672 1.5920e-01 0.0844 0.0000 0.0000 300.0000 
786 23.8712 0.5161 0.1000 36.0002 4.7129e-02 0.2744 0.0000 0.0000 300.0000 
787 19.4653 0.6105 0.1000 21.5377 2.6260e-01 0.1621 0.0000 0.0000 300.0000 
788 24.5020 0.6332 0.1000 19.3115 4.6506e-01 0.1972 0.0000 0.0000 300.0000 
789 17.9778 0.4250 0.1000 28.7680 5.7721e-03 0.3088 0.0000 0.0000 300.0000 
790 18.5421 0.5911 0.1000 22.0520 1.0925e-01 0.4301 0.0000 0.0000 300.0000 
791 23.4090 0.5648 0.1000 12.7747 9.1416e-02 0.3330 0.0000 0.0000 300.0000 
792 29.7797 0.6669 0.1000 1.4398 2.3160e-01 0.3756 0.0000 0.0000 300.0000 
793 26.8142 0.6542 0.1000 10.0260 2.5071e-01 0.0414 0.0000 0.0000 300.0000 
794 18.2919 0.6774 0.1000 38.7643 8.9813e-02 0.0228 0.0000 0.0000 300.0000 
795 17.9952 0.5320 0.1000 12.5364 2.4828e-01 0.4148 0.0000 0.0000 300.0000 
796 22.0606 0.5899 0.1000 43.9321 1.5853e-02 0.1894 0.0000 0.0000 300.0000 
797 29.8291 0.7137 0.1000 35.4038 1.2216e-01 0.1929 0.0000 0.0000 300.0000 
798 28.6647 0.6195 0.1000 31.6630 4.8285e-01 0.1355 0.0000 0.0000 300.0000 
799 12.1194 0.4902 0.1000 32.3720 2.8132e-01 0.4518 0.0000 0.0000 300.0000 
