0 13.8666 0.4736 0.1000 41.2388 1.7808e-01 0.3060 0.0000 0.0000 500.0000 
1 28.3102 0.4756 0.1000 44.5778 3.8825e-02 0.3897 0.0000 0.0000 500.0000 
2 26.0405 0.5134 0.1000 14.9737 4.0009e-01 0.2146 0.0000 0.0000 500.0000 
3 12.1301 0.5725 0.1000 20.0504 4.8980e-01 0.2809 0.0000 0.0000 500.0000 
4 18.0944 0.6020 0.1000 31.0691 1.8922e-01 0.0467 0.0000 0.0000 500.0000 
5 24.9862 0.7512 0.1000 38.1673 3.7174e-01 0.0324 0.0000 0.0000 500.0000 
6 20.1052 0.4054 0.1000 27.9703 5.4461e-02 0.4647 0.0000 0.0000 500.0000 
7 22.2966 0.5334 0.1000 8.8585 2.7033e-01 0.2029 0.0000 0.0000 500.0000 
8 25.7226 0.5047 0.1000 6.7843 2.9465e-01 0.4641 0.0000 0.0000 500.0000 
9 18.3921 0.7136 0.1000 13.9970 2.6179e-02 0.2499 0.0000 0.0000 500.0000 
10 22.5225 0.5191 0.1000 3.9135 2.9392e-01 0.4571 0.0000 0.0000 500.0000 
11 24.5845 0.5029 0.1000 9.4912 4.8683e-02 0.0599 0.0000 0.0000 500.0000 
12 29.7841 0.6829 0.1000 4.4515 2.1671e-01 0.1057 0.0000 0.0000 500.0000 
13 11.3960 0.7414 0.1000 25.1881 1.2657e-01 0.4351 0.0000 0.0000 500.0000 
14 13.7559 0.6859 0.1000 41.0337 3.1677e-01 0.2788 0.0000 0.0000 500.0000 
15 16.9117 0.7349 0.1000 33.1267 4.3282e-01 0.1784 0.0000 0.0000 500.0000 
16 16.9683 0.5453 0.1000 31.8662 3.8811e-01 0.1268 0.0000 0.0000 500.0000 
17 14.0861 0.4893 0.1000 21.7628 5.3257e-02 0.1126 0.0000 0.0000 500.0000 
18 28.2616 0.4082 0.1000 7.9382 2.2283e-01 0.3739 0.0000 0.0000 500.0000 
19 10.8666 0.7928 0.1000 34.2698 3.9955e-01 0.3172 0.0000 0.0000 500.0000 
20 24.9491 0.5543 0.1000 2.4088 1.8714e-01 0.1889 0.0000 0.0000 500.0000 
21 17.4395 0.7296 0.1000 33.9579 9.3892e-02 0.2469 0.0000 0.0000 500.0000 
22 21.2830 0.7061 0.1000 3.4892 1.3220e-01 0.3733 0.0000 0.0000 500.0000 
23 28.8997 0.5565 0.1000 19.0530 3.4435e-02 0.4527 0.0000 0.0000 500.0000 
24 25.0048 0.4502 0.1000 15.3414 5.0464e-02 0.3559 0.0000 0.0000 500.0000 
25 26.2700 0.6961 0.1000 23.8200 1.9822e-02 0.2881 0.0000 0.0000 500.0000 
26 11.5474 0.6665 0.1000 32.5483 5.1145e-02 0.0201 0.0000 0.0000 500.0000 
27 14.2295 0.5118 0.1000 38.6362 3.5219e-01 0.2107 0.0000 0.0000 500.0000 
28 24.5196 0.4583 0.1000 44.7267 3.6674e-02 0.1586 0.0000 0.0000 500.0000 
29 14.6260 0.4212 0.1000 23.3438 5.4172e-02 0.3665 0.0000 0.0000 500.0000 
30 21.0120 0.7574 0.1000 42.5097 8.6659e-02 0.0940 0.0000 0.0000 500.0000 
31 20.4642 0.7736 0.1000 11.5568 4.4002e-01 0.1926 0.0000 0.0000 500.0000 
32 15.8277 0.6647 0.1000 1.7995 3.3252e-01 0.1911 0.0000 0.0000 500.0000 
33 18.5340 0.5177 0.1000 40.0765 4.2994e-01 0.0660 0.0000 0.0000 500.0000 
34 12.8760 0.5679 0.1000 7.2406 3.9562e-02 0.1094 0.0000 0.0000 500.0000 
35 12.8127 0.5072 0.1000 4.8037 6.5457e-02 0.1193 0.0000 0.0000 500.0000 
36 12.5858 0.5714 0.1000 28.8911 1.7299e-01 0.3722 0.0000 0.0000 500.0000 
37 22.2804 0.4712 0.1000 3.8028 3.9108e-01 0.3720 0.0000 0.0000 500.0000 
38 12.3960 0.6187 0.1000 43.7984 4.6594e-01 0.4285 0.0000 0.0000 500.0000 
39 23.1732 0.4198 0.1000 17.3394 2.1309e-01 0.3575 0.0000 0.0000 500.0000 
40 26.7041 0.6132 0.1000 13.8270 4.8225e-01 0.2715 0.0000 0.0000 500.0000 
41 19.2147 0.6196 0.1000 6.4973 2.8999e-01 0.2614 0.0000 0.0000 500.0000 
42 12.8196 0.5044 0.1000 1.6494 2.8044e-01 0.1202 0.0000 0.0000 500.0000 
43 25.7723 0.5225 0.1000 14.3429 4.6067e-01 0.0494 0.0000 0.0000 500.0000 
44 16.3760 0.6871 0.1000 21.1875 7.6764e-02 0.1849 0.0000 0.0000 500.0000 
45 28.5977 0.6025 0.1000 39.8786 4.9268e-01 0.4436 0.0000 0.0000 500.0000 
46 28.3086 0.5872 0.1000 24.8595 2.5982e-01 0.4736 0.0000 0.0000 500.0000 
47 18.2289 0.5012 0.1000 21.4078 7.4295e-02 0.0064 0.0000 0.0000 500.0000 
48 24.8182 0.6802 0.1000 17.9742 4.4969e-01 0.1452 0.0000 0.0000 500.0000 
49 10.2072 0.4446 0.1000 26.5615 2.4760e-01 0.1321 0.0000 0.0000 500.0000 
50 19.3305 0.7773 0.1000 3.4743 4.5447e-01 0.4097 0.0000 0.0000 500.0000 
51 17.9248 0.7407 0.1000 36.4219 4.1202e-01 0.4894 0.0000 0.0000 500.0000 
52 12.6179 0.6158 0.1000 36.0198 2.3840e-01 0.4814 0.0000 0.0000 500.0000 
53 19.6798 0.6604 0.1000 7.5423 3.5339e-01 0.3512 0.0000 0.0000 500.0000 
54 26.0755 0.7198 0.1000 9.5769 2.0002e-01 0.4771 0.0000 0.0000 500.0000 
55 22.1390 0.7802 0.1000 4.2412 2.7109e-01 0.4039 0.0000 0.0000 500.0000 
56 17.1683 0.4516 0.1000 41.5758 3.0343e-01 0.3646 0.0000 0.0000 500.0000 
57 28.1748 0.6135 0.1000 24.2204 1.9322e-01 0.1013 0.0000 0.0000 500.0000 
58 27.3540 0.4292 0.1000 14.9753 4.3008e-01 0.3617 0.0000 0.0000 500.0000 
59 22.7255 0.4919 0.1000 7.5322 2.5900e-01 0.2480 0.0000 0.0000 500.0000 
60 14.6346 0.5905 0.1000 8.7075 1.7615e-01 0.4361 0.0000 0.0000 500.0000 
61 19.0341 0.7995 0.1000 24.4065 3.6419e-01 0.4942 0.0000 0.0000 500.0000 
62 27.8203 0.4179 0.1000 18.0588 4.1640e-01 0.2665 0.0000 0.0000 500.0000 
63 13.7671 0.5492 0.1000 5.4685 4.4704e-01 0.4658 0.0000 0.0000 500.0000 
64 13.4181 0.6674 0.1000 22.4883 3.4812e-01 0.2237 0.0000 0.0000 500.0000 
65 29.3723 0.5344 0.1000 28.0228 4.5566e-01 0.3985 0.0000 0.0000 500.0000 
66 17.0175 0.4792 0.1000 35.9622 4.2272e-01 0.4619 0.0000 0.0000 500.0000 
67 25.8567 0.6749 0.1000 41.6657 2.3857e-01 0.1638 0.0000 0.0000 500.0000 
68 11.8096 0.4276 0.1000 6.2276 2.6292e-01 0.4107 0.0000 0.0000 500.0000 
69 19.0688 0.6124 0.1000 7.7400 9.6609e-02 0.0592 0.0000 0.0000 500.0000 
70 23.9263 0.5799 0.1000 9.4014 4.5918e-01 0.2153 0.0000 0.0000 500.0000 
71 10.1358 0.6807 0.1000 17.5788 2.5252e-02 0.1001 0.0000 0.0000 500.0000 
72 23.9157 0.6422 0.1000 29.9093 1.7749e-01 0.1808 0.0000 0.0000 500.0000 
73 18.5993 0.5193 0.1000 6.1284 4.3916e-01 0.2292 0.0000 0.0000 500.0000 
74 24.5970 0.6892 0.1000 11.1023 2.1337e-01 0.0686 0.0000 0.0000 500.0000 
75 19.4051 0.4474 0.1000 26.5510 1.7761e-02 0.4775 0.0000 0.0000 500.0000 
76 14.9889 0.4720 0.1000 14.9005 2.2765e-02 0.1449 0.0000 0.0000 500.0000 
77 12.8226 0.5407 0.1000 44.6516 2.3949e-01 0.3418 0.0000 0.0000 500.0000 
78 10.5965 0.7259 0.1000 27.2037 6.7217e-02 0.1023 0.0000 0.0000 500.0000 
79 29.2558 0.7306 0.1000 18.8714 3.2386e-01 0.0805 0.0000 0.0000 500.0000 
80 10.8291 0.6375 0.1000 25.6699 3.8361e-01 0.3668 0.0000 0.0000 500.0000 
81 12.7473 0.6907 0.1000 40.1929 3.9166e-01 0.4513 0.0000 0.0000 500.0000 
82 19.8955 0.6715 0.1000 32.3074 2.7039e-01 0.4601 0.0000 0.0000 500.0000 
83 20.2394 0.6562 0.1000 23.4857 2.4660e-01 0.0043 0.0000 0.0000 500.0000 
84 16.5507 0.4001 0.1000 27.3310 1.9068e-01 0.0702 0.0000 0.0000 500.0000 
85 26.9682 0.7026 0.1000 42.6139 3.1017e-01 0.4120 0.0000 0.0000 500.0000 
86 25.6645 0.4922 0.1000 19.0339 3.1399e-01 0.0837 0.0000 0.0000 500.0000 
87 13.6239 0.6187 0.1000 26.5059 3.3564e-01 0.2515 0.0000 0.0000 500.0000 
88 16.8630 0.4703 0.1000 5.5678 2.6372e-01 0.4605 0.0000 0.0000 500.0000 
89 19.6177 0.7645 0.1000 16.4811 4.2086e-01 0.3135 0.0000 0.0000 500.0000 
90 28.4138 0.5677 0.1000 9.9820 3.2143e-01 0.0019 0.0000 0.0000 500.0000 
91 15.7126 0.5150 0.1000 29.0765 1.2828e-01 0.1666 0.0000 0.0000 500.0000 
92 24.0978 0.6743 0.1000 2.2169 3.6005e-01 0.4232 0.0000 0.0000 500.0000 
93 23.8063 0.4575 0.1000 13.0664 1.6711e-01 0.1414 0.0000 0.0000 500.0000 
94 21.2276 0.4463 0.1000 32.3413 8.7877e-03 0.3053 0.0000 0.0000 500.0000 
95 12.2960 0.7794 0.1000 20.6814 2.6927e-01 0.4222 0.0000 0.0000 500.0000 
96 25.7889 0.5800 0.1000 44.7100 3.1849e-01 0.1076 0.0000 0.0000 500.0000 
97 18.6522 0.7300 0.1000 4.8147 1.8371e-01 0.1815 0.0000 0.0000 500.0000 
98 26.7889 0.4751 0.1000 34.1027 3.6599e-01 0.0560 0.0000 0.0000 500.0000 
99 24.2325 0.7313 0.1000 35.0439 7.8990e-02 0.2013 0.0000 0.0000 500.0000 
100 27.7823 0.5282 0.1000 36.1547 4.6375e-01 0.3135 0.0000 0.0000 500.0000 
101 10.7515 0.5965 0.1000 24.2332 2.6013e-01 0.0465 0.0000 0.0000 500.0000 
102 29.4188 0.6832 0.1000 9.3641 7.3032e-02 0.3815 0.0000 0.0000 500.0000 
103 29.8216 0.5807 0.1000 22.4692 2.9845e-01 0.4942 0.0000 0.0000 500.0000 
104 17.0158 0.5198 0.1000 25.2464 3.4356e-01 0.2480 0.0000 0.0000 500.0000 
105 20.7758 0.5501 0.1000 43.8868 4.7584e-01 0.0453 0.0000 0.0000 500.0000 
106 26.1271 0.7692 0.1000 41.4132 4.9433e-01 0.0280 0.0000 0.0000 500.0000 
107 15.8670 0.4173 0.1000 39.9800 3.2510e-01 0.3349 0.0000 0.0000 500.0000 
108 25.9982 0.7879 0.1000 18.3842 2.3521e-01 0.4073 0.0000 0.0000 500.0000 
109 28.8213 0.6812 0.1000 36.4057 4.1919e-01 0.4173 0.0000 0.0000 500.0000 
110 10.3096 0.4632 0.1000 41.0478 2.7759e-01 0.4741 0.0000 0.0000 500.0000 
111 12.7630 0.7046 0.1000 42.3373 3.3658e-02 0.4847 0.0000 0.0000 500.0000 
112 10.9001 0.5842 0.1000 13.6967 3.0175e-01 0.1535 0.0000 0.0000 500.0000 
113 29.7750 0.5357 0.1000 31.6749 3.2900e-01 0.1838 0.0000 0.0000 500.0000 
114 10.9742 0.5585 0.1000 44.9187 2.3328e-01 0.1975 0.0000 0.0000 500.0000 
115 13.6385 0.5515 0.1000 23.2217 4.3714e-01 0.2037 0.0000 0.0000 500.0000 
116 11.6472 0.6454 0.1000 29.4705 4.1577e-01 0.0489 0.0000 0.0000 500.0000 
117 27.1835 0.6085 0.1000 26.5372 3.1437e-01 0.2808 0.0000 0.0000 500.0000 
118 27.4216 0.5217 0.1000 32.0082 3.2205e-02 0.1976 0.0000 0.0000 500.0000 
119 13.8104 0.7586 0.1000 43.8213 1.2778e-01 0.2506 0.0000 0.0000 500.0000 
120 22.3997 0.7321 0.1000 34.8872 1.3089e-01 0.0952 0.0000 0.0000 500.0000 
121 28.1600 0.6174 0.1000 38.0269 1.5118e-02 0.0341 0.0000 0.0000 500.0000 
122 23.3700 0.5087 0.1000 3.4804 2.7999e-01 0.3467 0.0000 0.0000 500.0000 
123 21.9537 0.6851 0.1000 14.7429 2.4844e-01 0.4420 0.0000 0.0000 500.0000 
124 28.5694 0.5459 0.1000 5.4395 4.3077e-01 0.2916 0.0000 0.0000 500.0000 
125 21.8027 0.5284 0.1000 30.7168 6.5081e-02 0.3195 0.0000 0.0000 500.0000 
126 17.7328 0.7059 0.1000 20.5672 2.0236e-01 0.3417 0.0000 0.0000 500.0000 
127 14.8592 0.6228 0.1000 22.0197 4.5674e-01 0.1105 0.0000 0.0000 500.0000 
128 14.4090 0.4088 0.1000 4.7869 1.0076e-01 0.1395 0.0000 0.0000 500.0000 
129 21.1168 0.6647 0.1000 6.4049 3.6093e-01 0.2429 0.0000 0.0000 500.0000 
130 27.1523 0.7225 0.1000 17.7734 1.1357e-01 0.2252 0.0000 0.0000 500.0000 
131 11.0520 0.4527 0.1000 18.6492 3.1241e-01 0.3110 0.0000 0.0000 500.0000 
132 11.3721 0.5177 0.1000 31.9052 4.5820e-04 0.2169 0.0000 0.0000 500.0000 
133 17.9785 0.4834 0.1000 22.4842 9.8441e-02 0.1371 0.0000 0.0000 500.0000 
134 18.0976 0.4270 0.1000 39.6455 2.3933e-02 0.3209 0.0000 0.0000 500.0000 
135 13.3267 0.6943 0.1000 6.7858 3.1562e-01 0.2785 0.0000 0.0000 500.0000 
136 19.5422 0.5899 0.1000 27.3195 4.1721e-01 0.2907 0.0000 0.0000 500.0000 
137 17.1778 0.6101 0.1000 29.6855 1.0132e-01 0.3022 0.0000 0.0000 500.0000 
138 29.1251 0.7344 0.1000 28.4612 4.6140e-01 0.1468 0.0000 0.0000 500.0000 
139 15.3477 0.5687 0.1000 0.2010 3.8486e-02 0.0970 0.0000 0.0000 500.0000 
140 29.7775 0.6588 0.1000 7.3903 9.6428e-02 0.1561 0.0000 0.0000 500.0000 
141 29.0967 0.4158 0.1000 6.4548 3.6982e-01 0.3373 0.0000 0.0000 500.0000 
142 15.5237 0.6254 0.1000 42.2505 3.8110e-01 0.2885 0.0000 0.0000 500.0000 
143 23.8053 0.5474 0.1000 39.8561 4.1328e-01 0.3529 0.0000 0.0000 500.0000 
144 11.1639 0.5738 0.1000 2.6372 1.0928e-02 0.1912 0.0000 0.0000 500.0000 
145 15.9796 0.5087 0.1000 28.5765 1.0479e-01 0.0040 0.0000 0.0000 500.0000 
146 17.5440 0.4436 0.1000 14.0474 1.7243e-01 0.0526 0.0000 0.0000 500.0000 
147 23.5136 0.4435 0.1000 15.6700 2.7800e-01 0.3523 0.0000 0.0000 500.0000 
148 16.9588 0.4454 0.1000 7.7804 2.5775e-01 0.0322 0.0000 0.0000 500.0000 
149 20.1043 0.5969 0.1000 37.1224 2.8142e-01 0.2453 0.0000 0.0000 500.0000 
150 17.5279 0.5935 0.1000 16.9365 3.4909e-01 0.3486 0.0000 0.0000 500.0000 
151 23.0690 0.7032 0.1000 13.2562 3.6472e-01 0.1912 0.0000 0.0000 500.0000 
152 28.9494 0.4288 0.1000 21.8833 3.9351e-01 0.2524 0.0000 0.0000 500.0000 
153 11.3192 0.7167 0.1000 32.0379 1.1595e-01 0.4346 0.0000 0.0000 500.0000 
154 25.5993 0.6480 0.1000 23.0671 1.5353e-01 0.0264 0.0000 0.0000 500.0000 
155 10.4582 0.7434 0.1000 38.4736 3.3156e-01 0.1618 0.0000 0.0000 500.0000 
156 28.3540 0.4918 0.1000 35.3069 2.3028e-01 0.2400 0.0000 0.0000 500.0000 
157 18.1226 0.7793 0.1000 35.7228 4.1319e-02 0.4159 0.0000 0.0000 500.0000 
158 28.8602 0.6062 0.1000 42.7036 2.1657e-01 0.1809 0.0000 0.0000 500.0000 
159 23.0120 0.4406 0.1000 35.7068 2.8501e-01 0.3009 0.0000 0.0000 500.0000 
160 20.5476 0.5625 0.1000 24.4927 1.5844e-01 0.1060 0.0000 0.0000 500.0000 
161 13.1226 0.6047 0.1000 23.8565 6.7700e-02 0.1020 0.0000 0.0000 500.0000 
162 26.5719 0.4241 0.1000 5.0090 6.8053e-02 0.0404 0.0000 0.0000 500.0000 
163 17.1363 0.6915 0.1000 36.3923 4.5114e-01 0.0909 0.0000 0.0000 500.0000 
164 13.7176 0.4254 0.1000 37.6974 3.2492e-01 0.2199 0.0000 0.0000 500.0000 
165 19.3335 0.6660 0.1000 30.6493 2.2277e-02 0.3640 0.0000 0.0000 500.0000 
166 13.7422 0.4224 0.1000 23.6629 7.5911e-02 0.1044 0.0000 0.0000 500.0000 
167 22.3198 0.5529 0.1000 23.9535 5.7992e-02 0.3148 0.0000 0.0000 500.0000 
168 19.5917 0.6766 0.1000 2.9792 3.7720e-01 0.0990 0.0000 0.0000 500.0000 
169 18.1482 0.6442 0.1000 3.9013 4.3970e-01 0.3007 0.0000 0.0000 500.0000 
170 18.3362 0.5693 0.1000 30.2916 2.1621e-01 0.1441 0.0000 0.0000 500.0000 
171 11.4269 0.4772 0.1000 13.7664 4.5064e-01 0.0361 0.0000 0.0000 500.0000 
172 26.0229 0.7719 0.1000 41.3805 2.9972e-01 0.4209 0.0000 0.0000 500.0000 
173 22.0532 0.7760 0.1000 1.4011 1.8034e-01 0.1972 0.0000 0.0000 500.0000 
174 14.4481 0.4204 0.1000 33.9000 2.2074e-01 0.2866 0.0000 0.0000 500.0000 
175 12.7795 0.5939 0.1000 1.7182 3.4304e-01 0.3583 0.0000 0.0000 500.0000 
176 21.6894 0.6637 0.1000 1.6299 1.4806e-01 0.4384 0.0000 0.0000 500.0000 
177 24.5448 0.7178 0.1000 18.7507 4.7983e-01 0.4091 0.0000 0.0000 500.0000 
178 18.3793 0.6629 0.1000 4.0641 1.7808e-01 0.0464 0.0000 0.0000 500.0000 
179 14.6276 0.4351 0.1000 43.8139 1.9887e-01 0.3692 0.0000 0.0000 500.0000 
180 29.9141 0.4434 0.1000 40.7669 4.5322e-01 0.4267 0.0000 0.0000 500.0000 
181 20.8553 0.6470 0.1000 42.1625 3.8802e-01 0.0720 0.0000 0.0000 500.0000 
182 20.8373 0.4234 0.1000 13.6786 1.5836e-01 0.0454 0.0000 0.0000 500.0000 
183 17.3268 0.6799 0.1000 31.7422 2.4205e-01 0.4523 0.0000 0.0000 500.0000 
184 21.6140 0.7533 0.1000 39.0666 3.0259e-01 0.1982 0.0000 0.0000 500.0000 
185 20.9790 0.4203 0.1000 10.0411 1.8239e-01 0.3425 0.0000 0.0000 500.0000 
186 20.5229 0.7595 0.1000 24.6056 2.0251e-01 0.4416 0.0000 0.0000 500.0000 
187 17.8862 0.4158 0.1000 43.1858 3.6730e-01 0.4131 0.0000 0.0000 500.0000 
188 18.0446 0.6036 0.1000 6.1843 5.7397e-02 0.0227 0.0000 0.0000 500.0000 
189 19.8797 0.7191 0.1000 27.7348 4.0971e-01 0.3967 0.0000 0.0000 500.0000 
190 17.6883 0.5273 0.1000 18.1821 2.8584e-01 0.2671 0.0000 0.0000 500.0000 
191 24.1707 0.4891 0.1000 43.2083 2.4500e-01 0.4654 0.0000 0.0000 500.0000 
192 28.2871 0.5696 0.1000 7.9226 2.5157e-01 0.3539 0.0000 0.0000 500.0000 
193 25.7699 0.7922 0.1000 22.2450 8.2602e-02 0.2164 0.0000 0.0000 500.0000 
194 21.8924 0.7908 0.1000 37.5623 1.4482e-01 0.0252 0.0000 0.0000 500.0000 
195 26.4939 0.6976 0.1000 34.9562 4.9516e-01 0.3632 0.0000 0.0000 500.0000 
196 15.5707 0.5863 0.1000 21.8813 6.9174e-02 0.4801 0.0000 0.0000 500.0000 
197 24.9950 0.4062 0.1000 26.1702 3.9976e-01 0.1264 0.0000 0.0000 500.0000 
198 24.3161 0.4004 0.1000 21.0794 3.8874e-01 0.1820 0.0000 0.0000 500.0000 
199 25.7765 0.7281 0.1000 28.4099 2.7520e-01 0.3597 0.0000 0.0000 500.0000 
200 25.1731 0.7270 0.1000 34.5332 1.2286e-01 0.1728 0.0000 0.0000 500.0000 
201 26.0037 0.5640 0.1000 10.6564 1.6889e-01 0.0298 0.0000 0.0000 500.0000 
202 22.3736 0.5124 0.1000 27.5309 2.0170e-01 0.3322 0.0000 0.0000 500.0000 
203 11.9385 0.6196 0.1000 7.5658 9.5996e-02 0.3252 0.0000 0.0000 500.0000 
204 25.3076 0.4349 0.1000 28.0915 3.3313e-02 0.2287 0.0000 0.0000 500.0000 
205 26.7518 0.5853 0.1000 7.7997 2.2990e-01 0.0620 0.0000 0.0000 500.0000 
206 13.9059 0.7257 0.1000 33.8325 4.7136e-01 0.2994 0.0000 0.0000 500.0000 
207 18.9701 0.7553 0.1000 8.2114 4.4502e-02 0.2985 0.0000 0.0000 500.0000 
208 14.8489 0.4710 0.1000 36.7448 1.1729e-01 0.4026 0.0000 0.0000 500.0000 
209 10.8541 0.4332 0.1000 4.6149 4.2722e-02 0.2812 0.0000 0.0000 500.0000 
210 15.3388 0.4973 0.1000 14.7585 3.1876e-01 0.2617 0.0000 0.0000 500.0000 
211 17.7087 0.6186 0.1000 1.0431 3.2916e-01 0.4424 0.0000 0.0000 500.0000 
212 16.4171 0.6657 0.1000 21.3282 4.9421e-01 0.1259 0.0000 0.0000 500.0000 
213 22.8481 0.5843 0.1000 2.0018 5.8948e-03 0.1953 0.0000 0.0000 500.0000 
214 11.8055 0.5265 0.1000 41.0938 2.6525e-01 0.3554 0.0000 0.0000 500.0000 
215 27.5020 0.6015 0.1000 27.9081 1.0070e-01 0.4530 0.0000 0.0000 500.0000 
216 19.9314 0.4122 0.1000 24.7973 4.3760e-01 0.0549 0.0000 0.0000 500.0000 
217 20.4284 0.7472 0.1000 24.4943 4.7621e-01 0.0263 0.0000 0.0000 500.0000 
218 27.3729 0.4826 0.1000 15.6677 9.8196e-02 0.0280 0.0000 0.0000 500.0000 
219 22.9488 0.6526 0.1000 4.7712 1.3307e-02 0.2431 0.0000 0.0000 500.0000 
220 22.4158 0.5652 0.1000 27.2668 2.1157e-01 0.0473 0.0000 0.0000 500.0000 
221 22.6322 0.5209 0.1000 41.2966 2.1507e-01 0.3366 0.0000 0.0000 500.0000 
222 10.5504 0.5839 0.1000 14.2937 4.6061e-02 0.2086 0.0000 0.0000 500.0000 
223 13.9470 0.4143 0.1000 24.7287 3.1425e-01 0.3406 0.0000 0.0000 500.0000 
224 21.1379 0.6914 0.1000 16.0837 2.4466e-01 0.1121 0.0000 0.0000 500.0000 
225 24.8752 0.5119 0.1000 19.0013 2.5168e-01 0.3250 0.0000 0.0000 500.0000 
226 27.3456 0.6507 0.1000 44.8387 2.0131e-01 0.4009 0.0000 0.0000 500.0000 
227 27.5072 0.7016 0.1000 29.6873 2.9958e-01 0.0449 0.0000 0.0000 500.0000 
228 27.5557 0.7854 0.1000 9.4332 6.7595e-02 0.4489 0.0000 0.0000 500.0000 
229 17.2420 0.7453 0.1000 18.2390 7.0245e-02 0.2521 0.0000 0.0000 500.0000 
230 27.9534 0.5243 0.1000 3.1806 3.5864e-01 0.3900 0.0000 0.0000 500.0000 
231 19.3459 0.5883 0.1000 2.2539 3.4034e-01 0.3189 0.0000 0.0000 500.0000 
232 21.3112 0.4576 0.1000 12.8150 4.5871e-01 0.2022 0.0000 0.0000 500.0000 
233 10.0305 0.6645 0.1000 12.7542 2.6136e-01 0.2242 0.0000 0.0000 500.0000 
234 21.7628 0.5905 0.1000 4.8333 2.5504e-01 0.2939 0.0000 0.0000 500.0000 
235 26.6252 0.6320 0.1000 18.8326 3.2329e-01 0.2909 0.0000 0.0000 500.0000 
236 27.7022 0.6829 0.1000 1.9344 2.6423e-01 0.0986 0.0000 0.0000 500.0000 
237 14.4318 0.7931 0.1000 42.7108 1.3031e-01 0.2522 0.0000 0.0000 500.0000 
238 13.4077 0.6768 0.1000 24.3219 3.2521e-01 0.4506 0.0000 0.0000 500.0000 
239 14.8931 0.4429 0.1000 32.3544 3.1888e-01 0.4339 0.0000 0.0000 500.0000 
240 29.0751 0.6598 0.1000 37.9802 2.7046e-01 0.4446 0.0000 0.0000 500.0000 
241 16.0444 0.6136 0.1000 22.6974 3.7513e-01 0.2035 0.0000 0.0000 500.0000 
242 28.7920 0.7663 0.1000 12.6783 3.0164e-01 0.1998 0.0000 0.0000 500.0000 
243 22.3184 0.7608 0.1000 26.3165 1.2446e-01 0.4070 0.0000 0.0000 500.0000 
244 20.7786 0.5434 0.1000 26.0375 1.7486e-01 0.0254 0.0000 0.0000 500.0000 
245 29.3365 0.4082 0.1000 41.1057 1.2341e-01 0.1637 0.0000 0.0000 500.0000 
246 17.5816 0.4047 0.1000 32.3192 9.4661e-02 0.3258 0.0000 0.0000 500.0000 
247 15.2260 0.5623 0.1000 30.2832 8.3227e-02 0.3352 0.0000 0.0000 500.0000 
248 14.4243 0.7900 0.1000 23.4667 3.9870e-01 0.2449 0.0000 0.0000 500.0000 
249 18.8780 0.7831 0.1000 3.2104 2.7276e-01 0.0302 0.0000 0.0000 500.0000 
250 17.0367 0.5323 0.1000 28.6437 7.2486e-02 0.4882 0.0000 0.0000 500.0000 
251 27.2058 0.4943 0.1000 38.0543 2.0126e-01 0.3114 0.0000 0.0000 500.0000 
252 29.5168 0.4887 0.1000 26.6883 1.9916e-01 0.2454 0.0000 0.0000 500.0000 
253 23.6684 0.4494 0.1000 34.4802 4.0493e-01 0.1721 0.0000 0.0000 500.0000 
254 21.7099 0.7543 0.1000 15.7797 4.3069e-01 0.2385 0.0000 0.0000 500.0000 
255 11.3839 0.5549 0.1000 44.7869 4.3417e-01 0.0509 0.0000 0.0000 500.0000 
256 25.6703 0.4816 0.1000 32.1786 3.3831e-01 0.0883 0.0000 0.0000 500.0000 
257 21.6979 0.5701 0.1000 11.3409 3.6690e-02 0.2955 0.0000 0.0000 500.0000 
258 22.9667 0.7072 0.1000 31.0766 1.3060e-01 0.4305 0.0000 0.0000 500.0000 
259 14.4089 0.5192 0.1000 11.6483 1.1353e-02 0.4195 0.0000 0.0000 500.0000 
260 10.1731 0.6033 0.1000 37.6900 4.1975e-01 0.3612 0.0000 0.0000 500.0000 
261 17.7517 0.6389 0.1000 24.4512 3.2258e-02 0.0028 0.0000 0.0000 500.0000 
262 20.9028 0.4834 0.1000 3.5579 1.8230e-01 0.4369 0.0000 0.0000 500.0000 
263 19.1312 0.4195 0.1000 2.2128 1.2030e-01 0.4104 0.0000 0.0000 500.0000 
264 12.4390 0.7074 0.1000 40.3355 1.7099e-01 0.2503 0.0000 0.0000 500.0000 
265 25.9331 0.4761 0.1000 37.7217 3.0825e-01 0.0271 0.0000 0.0000 500.0000 
266 14.2144 0.6093 0.1000 31.0564 4.1367e-01 0.3770 0.0000 0.0000 500.0000 
267 22.0365 0.4123 0.1000 13.5174 3.5904e-01 0.3034 0.0000 0.0000 500.0000 
268 13.2322 0.5127 0.1000 22.7993 1.0543e-01 0.3571 0.0000 0.0000 500.0000 
269 24.6162 0.5297 0.1000 23.9253 4.2261e-01 0.2300 0.0000 0.0000 500.0000 
270 11.9977 0.5357 0.1000 12.1778 1.7049e-01 0.3586 0.0000 0.0000 500.0000 
271 11.6969 0.7239 0.1000 38.2384 2.5857e-01 0.2354 0.0000 0.0000 500.0000 
272 14.5388 0.5776 0.1000 14.5381 2.5569e-01 0.4234 0.0000 0.0000 500.0000 
273 22.2294 0.5829 0.1000 30.9013 1.5745e-01 0.1043 0.0000 0.0000 500.0000 
274 12.0097 0.4692 0.1000 25.2668 2.6511e-01 0.1861 0.0000 0.0000 500.0000 
275 18.5317 0.6504 0.1000 32.3609 3.9953e-01 0.4384 0.0000 0.0000 500.0000 
276 20.1024 0.6173 0.1000 9.1222 2.7277e-01 0.4033 0.0000 0.0000 500.0000 
277 13.6960 0.4496 0.1000 15.4740 2.9161e-01 0.2516 0.0000 0.0000 500.0000 
278 11.2403 0.6296 0.1000 4.4810 3.8954e-01 0.0383 0.0000 0.0000 500.0000 
279 14.2845 0.6949 0.1000 15.5296 2.7136e-02 0.4175 0.0000 0.0000 500.0000 
280 24.1727 0.7681 0.1000 20.6771 1.9071e-01 0.4012 0.0000 0.0000 500.0000 
281 28.2732 0.4895 0.1000 4.9899 2.1699e-01 0.3255 0.0000 0.0000 500.0000 
282 26.7591 0.6022 0.1000 33.0512 3.9297e-01 0.2754 0.0000 0.0000 500.0000 
283 19.5404 0.5934 0.1000 16.2658 4.3468e-01 0.4506 0.0000 0.0000 500.0000 
284 17.2161 0.4355 0.1000 33.8518 4.4442e-01 0.2583 0.0000 0.0000 500.0000 
285 25.0287 0.5191 0.1000 29.2176 2.1651e-01 0.4002 0.0000 0.0000 500.0000 
286 11.4855 0.4241 0.1000 4.3590 1.2779e-02 0.0945 0.0000 0.0000 500.0000 
287 20.4514 0.5380 0.1000 10.3817 1.6891e-01 0.2029 0.0000 0.0000 500.0000 
288 26.3172 0.4210 0.1000 38.5432 2.2705e-01 0.1181 0.0000 0.0000 500.0000 
289 15.3685 0.4176 0.1000 42.2634 1.6663e-01 0.2888 0.0000 0.0000 500.0000 
290 24.6064 0.7884 0.1000 33.8341 4.8750e-01 0.2817 0.0000 0.0000 500.0000 
291 18.8669 0.7879 0.1000 32.8125 1.8501e-01 0.0281 0.0000 0.0000 500.0000 
292 26.8681 0.7584 0.1000 25.6036 4.0571e-01 0.2234 0.0000 0.0000 500.0000 
293 13.0997 0.6931 0.1000 12.0861 3.7226e-01 0.4619 0.0000 0.0000 500.0000 
294 13.8756 0.6348 0.1000 42.8462 4.8810e-01 0.0865 0.0000 0.0000 500.0000 
295 14.6817 0.7695 0.1000 36.9480 1.6908e-01 0.1187 0.0000 0.0000 500.0000 
296 26.0319 0.5931 0.1000 3.4026 1.1834e-01 0.4498 0.0000 0.0000 500.0000 
297 29.6484 0.7486 0.1000 21.1132 4.3078e-01 0.3639 0.0000 0.0000 500.0000 
298 26.3298 0.7576 0.1000 16.5362 4.9259e-01 0.4080 0.0000 0.0000 500.0000 
299 16.2921 0.6734 0.1000 41.1291 1.3599e-01 0.2025 0.0000 0.0000 500.0000 
300 14.3834 0.5567 0.1000 2.8794 6.7471e-02 0.0617 0.0000 0.0000 500.0000 
301 12.7008 0.4881 0.1000 11.7237 4.4287e-01 0.4244 0.0000 0.0000 500.0000 
302 26.9078 0.5460 0.1000 3.5590 5.0931e-02 0.3950 0.0000 0.0000 500.0000 
303 29.3477 0.4106 0.1000 29.0113 3.7354e-01 0.4598 0.0000 0.0000 500.0000 
304 28.0751 0.7061 0.1000 21.2085 3.6659e-02 0.0313 0.0000 0.0000 500.0000 
305 11.9705 0.4527 0.1000 1.8866 2.0619e-01 0.2300 0.0000 0.0000 500.0000 
306 25.1320 0.7734 0.1000 43.1844 2.6196e-01 0.3490 0.0000 0.0000 500.0000 
307 13.0213 0.6886 0.1000 0.5077 1.8040e-01 0.4364 0.0000 0.0000 500.0000 
308 20.2744 0.7817 0.1000 6.5801 2.6010e-01 0.3772 0.0000 0.0000 500.0000 
309 12.3993 0.4508 0.1000 34.0024 3.3603e-01 0.2099 0.0000 0.0000 500.0000 
310 17.2058 0.7253 0.1000 16.7525 9.6179e-02 0.3532 0.0000 0.0000 500.0000 
311 29.8358 0.7402 0.1000 24.0688 4.5148e-01 0.0175 0.0000 0.0000 500.0000 
312 22.2106 0.5288 0.1000 9.3394 3.4866e-01 0.0283 0.0000 0.0000 500.0000 
313 25.0354 0.6825 0.1000 34.8610 4.7987e-03 0.3008 0.0000 0.0000 500.0000 
314 24.0815 0.7752 0.1000 0.7260 4.7917e-02 0.0905 0.0000 0.0000 500.0000 
315 19.0553 0.7853 0.1000 20.2877 1.5951e-01 0.2331 0.0000 0.0000 500.0000 
316 16.6458 0.5331 0.1000 29.2808 3.5521e-01 0.0821 0.0000 0.0000 500.0000 
317 24.4959 0.5899 0.1000 18.6236 8.5852e-02 0.2745 0.0000 0.0000 500.0000 
318 16.7379 0.6206 0.1000 15.7046 2.0749e-02 0.3985 0.0000 0.0000 500.0000 
319 17.3017 0.4196 0.1000 3.5263 4.7126e-01 0.0123 0.0000 0.0000 500.0000 
320 25.9225 0.7891 0.1000 11.8281 1.6476e-01 0.4890 0.0000 0.0000 500.0000 
321 20.6814 0.5831 0.1000 12.5685 1.6227e-01 0.2544 0.0000 0.0000 500.0000 
322 15.2516 0.7165 0.1000 3.0923 1.2562e-02 0.2800 0.0000 0.0000 500.0000 
323 28.8699 0.4786 0.1000 28.8226 2.0063e-01 0.4262 0.0000 0.0000 500.0000 
324 13.4480 0.6343 0.1000 21.4724 3.6004e-01 0.2177 0.0000 0.0000 500.0000 
325 24.0433 0.7199 0.1000 42.3100 4.2350e-01 0.2762 0.0000 0.0000 500.0000 
326 16.2361 0.6648 0.1000 6.4110 2.5656e-01 0.2602 0.0000 0.0000 500.0000 
327 26.9438 0.5937 0.1000 7.4404 2.7252e-01 0.2582 0.0000 0.0000 500.0000 
328 23.6871 0.5239 0.1000 30.7624 2.3210e-01 0.4576 0.0000 0.0000 500.0000 
329 23.2149 0.4929 0.1000 26.4978 3.4463e-01 0.0895 0.0000 0.0000 500.0000 
330 14.7167 0.5722 0.1000 2.3007 5.7588e-02 0.3232 0.0000 0.0000 500.0000 
331 22.5225 0.4485 0.1000 5.5977 3.6895e-01 0.1870 0.0000 0.0000 500.0000 
332 12.1080 0.6183 0.1000 11.7990 3.0458e-01 0.4447 0.0000 0.0000 500.0000 
333 17.4859 0.4846 0.1000 35.6961 3.8898e-01 0.0757 0.0000 0.0000 500.0000 
334 13.9562 0.7521 0.1000 24.7349 3.9136e-01 0.2437 0.0000 0.0000 500.0000 
335 15.8327 0.7020 0.1000 38.2269 1.6718e-01 0.1739 0.0000 0.0000 500.0000 
336 13.7513 0.4357 0.1000 29.5386 4.5929e-01 0.2903 0.0000 0.0000 500.0000 
337 18.6651 0.6107 0.1000 40.6301 8.3722e-02 0.4040 0.0000 0.0000 500.0000 
338 28.7661 0.6761 0.1000 30.2034 1.0078e-01 0.0170 0.0000 0.0000 500.0000 
339 18.3996 0.4395 0.1000 9.1736 8.1752e-02 0.1934 0.0000 0.0000 500.0000 
340 19.2810 0.4244 0.1000 5.4467 6.4921e-02 0.3414 0.0000 0.0000 500.0000 
341 28.6288 0.4603 0.1000 5.0113 1.4141e-01 0.4921 0.0000 0.0000 500.0000 
342 10.5033 0.6959 0.1000 1.5733 3.3647e-01 0.2916 0.0000 0.0000 500.0000 
343 14.4062 0.5850 0.1000 30.3604 2.7176e-01 0.1993 0.0000 0.0000 500.0000 
344 26.5469 0.4987 0.1000 22.2807 1.5845e-01 0.3732 0.0000 0.0000 500.0000 
345 26.9676 0.7708 0.1000 23.1784 2.1986e-01 0.3218 0.0000 0.0000 500.0000 
346 17.2366 0.4444 0.1000 16.6340 1.6896e-01 0.3212 0.0000 0.0000 500.0000 
347 18.1077 0.5718 0.1000 37.9573 3.8679e-01 0.1354 0.0000 0.0000 500.0000 
348 28.1223 0.7346 0.1000 30.2756 3.2916e-01 0.1171 0.0000 0.0000 500.0000 
349 14.4639 0.7272 0.1000 30.3610 4.2873e-01 0.2320 0.0000 0.0000 500.0000 
350 12.8580 0.7256 0.1000 43.6394 9.9594e-02 0.1745 0.0000 0.0000 500.0000 
351 20.7288 0.7390 0.1000 37.4282 3.8177e-01 0.4961 0.0000 0.0000 500.0000 
352 11.2058 0.6044 0.1000 41.5686 1.1123e-01 0.1154 0.0000 0.0000 500.0000 
353 19.1345 0.7094 0.1000 16.5494 1.7385e-02 0.1521 0.0000 0.0000 500.0000 
354 23.1594 0.5362 0.1000 40.1429 3.5530e-01 0.3788 0.0000 0.0000 500.0000 
355 18.8350 0.4711 0.1000 10.0318 1.1399e-01 0.4665 0.0000 0.0000 500.0000 
356 19.2451 0.6617 0.1000 1.0447 2.4751e-01 0.1634 0.0000 0.0000 500.0000 
357 12.6746 0.4439 0.1000 25.8420 2.3371e-01 0.0565 0.0000 0.0000 500.0000 
358 29.4500 0.5549 0.1000 27.6741 1.9471e-01 0.3161 0.0000 0.0000 500.0000 
359 11.0777 0.6438 0.1000 10.5764 1.7050e-01 0.0957 0.0000 0.0000 500.0000 
360 28.1640 0.7210 0.1000 1.4607 1.1146e-01 0.1568 0.0000 0.0000 500.0000 
361 12.1900 0.4018 0.1000 24.8324 2.6360e-01 0.0375 0.0000 0.0000 500.0000 
362 13.9951 0.6693 0.1000 20.6755 2.8759e-02 0.2015 0.0000 0.0000 500.0000 
363 21.1961 0.4629 0.1000 22.6599 3.8637e-01 0.1551 0.0000 0.0000 500.0000 
364 28.7067 0.4969 0.1000 20.5664 3.3535e-01 0.3434 0.0000 0.0000 500.0000 
365 23.8890 0.5521 0.1000 36.7229 2.6557e-01 0.2544 0.0000 0.0000 500.0000 
366 27.2711 0.5481 0.1000 8.3547 2.6107e-01 0.4845 0.0000 0.0000 500.0000 
367 19.5329 0.7432 0.1000 1.6790 8.0095e-02 0.3002 0.0000 0.0000 500.0000 
368 21.3981 0.5975 0.1000 4.2573 3.7498e-01 0.4728 0.0000 0.0000 500.0000 
369 28.9211 0.6933 0.1000 42.6841 4.3239e-01 0.1448 0.0000 0.0000 500.0000 
370 19.9229 0.5153 0.1000 34.0587 4.2509e-01 0.1106 0.0000 0.0000 500.0000 
371 24.2179 0.4768 0.1000 4.9838 3.4136e-01 0.1858 0.0000 0.0000 500.0000 
372 21.8533 0.7696 0.1000 25.2059 1.5788e-02 0.4861 0.0000 0.0000 500.0000 
373 25.0555 0.4210 0.1000 14.5600 3.7890e-01 0.1434 0.0000 0.0000 500.0000 
374 26.1551 0.6181 0.1000 34.6944 3.6150e-01 0.2847 0.0000 0.0000 500.0000 
375 17.8950 0.7544 0.1000 38.8867 3.4873e-02 0.3749 0.0000 0.0000 500.0000 
376 15.3434 0.4987 0.1000 32.1762 4.6567e-01 0.4778 0.0000 0.0000 500.0000 
377 20.0695 0.7194 0.1000 21.8493 2.2557e-01 0.3514 0.0000 0.0000 500.0000 
378 17.1076 0.5986 0.1000 6.5513 1.6614e-02 0.2518 0.0000 0.0000 500.0000 
379 15.8426 0.7287 0.1000 13.4308 1.9870e-01 0.3071 0.0000 0.0000 500.0000 
380 17.2978 0.4588 0.1000 25.4017 1.1235e-01 0.4633 0.0000 0.0000 500.0000 
381 17.6417 0.4967 0.1000 25.4043 3.4857e-01 0.2404 0.0000 0.0000 500.0000 
382 25.7673 0.5923 0.1000 12.0925 2.9175e-01 0.2586 0.0000 0.0000 500.0000 
383 21.6560 0.6745 0.1000 14.8175 4.2894e-01 0.3713 0.0000 0.0000 500.0000 
384 26.0237 0.7657 0.1000 9.6637 2.0054e-01 0.0131 0.0000 0.0000 500.0000 
385 27.4680 0.5094 0.1000 10.0729 3.0178e-02 0.3976 0.0000 0.0000 500.0000 
386 14.2086 0.7246 0.1000 11.2351 4.7152e-01 0.0260 0.0000 0.0000 500.0000 
387 21.7754 0.7361 0.1000 22.3065 1.8781e-01 0.4245 0.0000 0.0000 500.0000 
388 15.2187 0.5305 0.1000 17.6485 3.2259e-02 0.1207 0.0000 0.0000 500.0000 
389 21.3634 0.6153 0.1000 2.3914 1.2574e-01 0.0006 0.0000 0.0000 500.0000 
390 22.8823 0.4759 0.1000 7.5521 1.3635e-01 0.1110 0.0000 0.0000 500.0000 
391 29.2664 0.4465 0.1000 14.4421 2.1599e-02 0.0563 0.0000 0.0000 500.0000 
392 29.2172 0.6761 0.1000 7.5257 7.1259e-02 0.2462 0.0000 0.0000 500.0000 
393 19.5149 0.7148 0.1000 23.5218 1.5374e-01 0.1597 0.0000 0.0000 500.0000 
394 14.0093 0.7024 0.1000 17.1610 3.9452e-01 0.1967 0.0000 0.0000 500.0000 
395 25.5708 0.5199 0.1000 1.5332 2.7265e-01 0.1217 0.0000 0.0000 500.0000 
396 10.0694 0.6308 0.1000 20.9733 2.9321e-02 0.0320 0.0000 0.0000 500.0000 
397 15.8103 0.5479 0.1000 7.5290 1.1621e-02 0.3439 0.0000 0.0000 500.0000 
398 20.8038 0.4259 0.1000 37.0410 1.7849e-01 0.0037 0.0000 0.0000 500.0000 
399 23.2317 0.6201 0.1000 5.2777 4.0351e-02 0.2015 0.0000 0.0000 500.0000 
400 13.0419 0.7920 0.1000 32.1322 2.3533e-01 0.0668 0.0000 0.0000 500.0000 
401 15.6211 0.5049 0.1000 27.2456 2.3030e-01 0.2549 0.0000 0.0000 500.0000 
402 28.1618 0.4976 0.1000 3.2283 1.7943e-02 0.0559 0.0000 0.0000 500.0000 
403 18.2348 0.5996 0.1000 9.4186 3.2623e-01 0.3267 0.0000 0.0000 500.0000 
404 24.7961 0.6617 0.1000 33.5941 1.5054e-01 0.2501 0.0000 0.0000 500.0000 
405 28.9049 0.5568 0.1000 19.4528 9.8963e-02 0.2300 0.0000 0.0000 500.0000 
406 26.2070 0.5032 0.1000 23.8650 2.1580e-01 0.0015 0.0000 0.0000 500.0000 
407 22.5295 0.6946 0.1000 30.0115 1.2834e-02 0.4904 0.0000 0.0000 500.0000 
408 21.2588 0.4734 0.1000 0.6832 8.6065e-02 0.3017 0.0000 0.0000 500.0000 
409 10.5636 0.6713 0.1000 32.3162 6.9859e-02 0.4278 0.0000 0.0000 500.0000 
410 22.0127 0.4375 0.1000 39.6828 1.7339e-01 0.2931 0.0000 0.0000 500.0000 
411 18.3939 0.6551 0.1000 11.3572 3.6098e-01 0.2693 0.0000 0.0000 500.0000 
412 20.0797 0.6637 0.1000 25.8519 3.7879e-03 0.2432 0.0000 0.0000 500.0000 
413 21.9082 0.7047 0.1000 26.9483 1.2134e-02 0.3488 0.0000 0.0000 500.0000 
414 17.9981 0.4399 0.1000 28.1364 3.7526e-01 0.4521 0.0000 0.0000 500.0000 
415 15.5722 0.5412 0.1000 43.0723 3.7343e-01 0.4087 0.0000 0.0000 500.0000 
416 21.0751 0.5177 0.1000 17.3142 3.1853e-01 0.2913 0.0000 0.0000 500.0000 
417 23.2801 0.7707 0.1000 21.9238 3.4569e-01 0.1773 0.0000 0.0000 500.0000 
418 21.8449 0.5142 0.1000 32.8004 1.8237e-01 0.4413 0.0000 0.0000 500.0000 
419 10.3801 0.7599 0.1000 40.8411 2.1753e-02 0.0779 0.0000 0.0000 500.0000 
420 12.8492 0.6869 0.1000 10.1084 1.9235e-02 0.4849 0.0000 0.0000 500.0000 
421 10.9944 0.7907 0.1000 23.5185 2.7273e-01 0.3501 0.0000 0.0000 500.0000 
422 24.9523 0.7528 0.1000 20.6533 3.9197e-01 0.3313 0.0000 0.0000 500.0000 
423 10.8155 0.4661 0.1000 12.2448 1.6075e-01 0.2652 0.0000 0.0000 500.0000 
424 20.2885 0.6271 0.1000 32.8591 6.4975e-03 0.4539 0.0000 0.0000 500.0000 
425 25.8347 0.6578 0.1000 42.2331 3.0176e-01 0.4140 0.0000 0.0000 500.0000 
426 14.7561 0.5255 0.1000 40.8210 3.4589e-02 0.4315 0.0000 0.0000 500.0000 
427 19.8267 0.4549 0.1000 2.2725 8.9480e-02 0.0811 0.0000 0.0000 500.0000 
428 18.0277 0.6422 0.1000 25.9722 6.5241e-02 0.1155 0.0000 0.0000 500.0000 
429 24.8304 0.7564 0.1000 36.2978 7.6337e-03 0.0560 0.0000 0.0000 500.0000 
430 24.9084 0.6319 0.1000 22.6877 2.3922e-01 0.1474 0.0000 0.0000 500.0000 
431 11.0526 0.6520 0.1000 24.8248 1.2497e-01 0.0767 0.0000 0.0000 500.0000 
432 22.8608 0.7314 0.1000 5.8969 3.5623e-01 0.2011 0.0000 0.0000 500.0000 
433 11.8990 0.4017 0.1000 15.4134 2.4623e-02 0.4388 0.0000 0.0000 500.0000 
434 27.3902 0.6917 0.1000 25.6318 4.1250e-01 0.1781 0.0000 0.0000 500.0000 
435 14.9126 0.6748 0.1000 24.3701 2.1949e-01 0.1729 0.0000 0.0000 500.0000 
436 16.3766 0.4046 0.1000 15.9788 3.5774e-01 0.4185 0.0000 0.0000 500.0000 
437 23.6285 0.7869 0.1000 15.7338 3.1748e-01 0.2263 0.0000 0.0000 500.0000 
438 15.1154 0.7604 0.1000 20.5550 1.8773e-01 0.3065 0.0000 0.0000 500.0000 
439 22.2854 0.4544 0.1000 34.4645 7.1897e-02 0.2533 0.0000 0.0000 500.0000 
440 11.7812 0.4188 0.1000 3.6730 4.0743e-01 0.4985 0.0000 0.0000 500.0000 
441 21.5332 0.4696 0.1000 40.3739 3.9892e-01 0.0773 0.0000 0.0000 500.0000 
442 27.9660 0.5774 0.1000 1.7275 1.5868e-02 0.1771 0.0000 0.0000 500.0000 
443 20.8992 0.7308 0.1000 36.1297 1.9971e-01 0.1368 0.0000 0.0000 500.0000 
444 28.8237 0.5892 0.1000 18.0021 4.8986e-01 0.3627 0.0000 0.0000 500.0000 
445 22.7332 0.7028 0.1000 34.2333 7.8314e-02 0.0803 0.0000 0.0000 500.0000 
446 11.2380 0.5882 0.1000 22.2110 2.3449e-01 0.4402 0.0000 0.0000 500.0000 
447 25.8929 0.6450 0.1000 18.5167 3.1750e-01 0.0735 0.0000 0.0000 500.0000 
448 10.7213 0.6632 0.1000 28.3749 3.0488e-01 0.4721 0.0000 0.0000 500.0000 
449 28.9745 0.4072 0.1000 33.7032 4.2539e-01 0.0940 0.0000 0.0000 500.0000 
450 20.2108 0.7643 0.1000 32.6930 1.8598e-01 0.1270 0.0000 0.0000 500.0000 
451 25.0714 0.6339 0.1000 17.0732 3.1124e-01 0.1188 0.0000 0.0000 500.0000 
452 13.0063 0.7748 0.1000 17.2683 3.5421e-01 0.1109 0.0000 0.0000 500.0000 
453 21.6977 0.7399 0.1000 29.0423 3.4143e-01 0.2556 0.0000 0.0000 500.0000 
454 21.3438 0.6226 0.1000 0.6323 4.7161e-01 0.1551 0.0000 0.0000 500.0000 
455 19.9623 0.4945 0.1000 40.8643 4.6483e-02 0.4094 0.0000 0.0000 500.0000 
456 12.0945 0.7415 0.1000 32.6437 2.5125e-01 0.4834 0.0000 0.0000 500.0000 
457 22.2847 0.4889 0.1000 6.5844 1.2906e-01 0.4082 0.0000 0.0000 500.0000 
458 13.9450 0.4208 0.1000 14.4262 1.7072e-01 0.2099 0.0000 0.0000 500.0000 
459 22.6330 0.4219 0.1000 12.0588 3.3562e-01 0.2761 0.0000 0.0000 500.0000 
460 10.7376 0.6701 0.1000 19.7398 3.9868e-01 0.0544 0.0000 0.0000 500.0000 
461 10.6835 0.4213 0.1000 43.6914 2.9711e-01 0.2101 0.0000 0.0000 500.0000 
462 27.6407 0.7504 0.1000 15.4887 2.7109e-01 0.0139 0.0000 0.0000 500.0000 
463 22.1415 0.7621 0.1000 17.1239 2.9846e-01 0.2346 0.0000 0.0000 500.0000 
464 24.3687 0.6673 0.1000 41.7978 3.8269e-01 0.1927 0.0000 0.0000 500.0000 
465 23.0433 0.7163 0.1000 25.8568 5.7309e-02 0.0695 0.0000 0.0000 500.0000 
466 11.1278 0.7441 0.1000 31.7871 4.8476e-01 0.3726 0.0000 0.0000 500.0000 
467 14.5263 0.7007 0.1000 3.5935 1.1529e-01 0.2978 0.0000 0.0000 500.0000 
468 11.8004 0.5320 0.1000 18.7596 7.4991e-02 0.4589 0.0000 0.0000 500.0000 
469 26.7912 0.4444 0.1000 35.5476 2.2014e-01 0.3978 0.0000 0.0000 500.0000 
470 21.7379 0.7495 0.1000 22.5807 1.2007e-01 0.1544 0.0000 0.0000 500.0000 
471 25.0489 0.6888 0.1000 43.3002 2.1870e-01 0.0572 0.0000 0.0000 500.0000 
472 10.7859 0.7190 0.1000 6.7684 1.4315e-02 0.3791 0.0000 0.0000 500.0000 
473 14.1145 0.4395 0.1000 37.9006 5.8322e-03 0.4875 0.0000 0.0000 500.0000 
474 23.8039 0.7186 0.1000 8.3814 4.1854e-01 0.0245 0.0000 0.0000 500.0000 
475 22.1910 0.7867 0.1000 11.0465 9.2717e-02 0.0333 0.0000 0.0000 500.0000 
476 29.4163 0.5118 0.1000 22.4892 3.9218e-01 0.3117 0.0000 0.0000 500.0000 
477 17.6049 0.5561 0.1000 28.5125 1.9339e-01 0.4060 0.0000 0.0000 500.0000 
478 13.7362 0.4765 0.1000 29.7794 1.7090e-01 0.2265 0.0000 0.0000 500.0000 
479 24.0135 0.5863 0.1000 12.5651 4.4458e-01 0.3797 0.0000 0.0000 500.0000 
480 29.5182 0.4544 0.1000 27.8308 4.5426e-01 0.1739 0.0000 0.0000 500.0000 
481 24.4093 0.6310 0.1000 42.3133 9.2468e-02 0.1451 0.0000 0.0000 500.0000 
482 19.1253 0.4576 0.1000 20.3888 1.6601e-01 0.1778 0.0000 0.0000 500.0000 
483 24.6512 0.5418 0.1000 44.5460 5.2898e-02 0.3600 0.0000 0.0000 500.0000 
484 28.0251 0.4848 0.1000 44.2518 3.7773e-01 0.1762 0.0000 0.0000 500.0000 
485 27.8313 0.7937 0.1000 6.6660 2.5996e-01 0.3072 0.0000 0.0000 500.0000 
486 28.0123 0.4392 0.1000 26.5843 4.1467e-01 0.2810 0.0000 0.0000 500.0000 
487 11.6815 0.7871 0.1000 24.0628 4.1552e-01 0.2337 0.0000 0.0000 500.0000 
488 23.9753 0.6299 0.1000 36.9537 2.7059e-01 0.0205 0.0000 0.0000 500.0000 
489 16.7220 0.4799 0.1000 14.6888 2.8394e-01 0.1179 0.0000 0.0000 500.0000 
490 27.1327 0.7473 0.1000 9.2984 4.9253e-01 0.0449 0.0000 0.0000 500.0000 
491 14.1134 0.7119 0.1000 16.7038 2.6219e-01 0.4207 0.0000 0.0000 500.0000 
492 14.7524 0.7883 0.1000 12.3512 2.5671e-01 0.4326 0.0000 0.0000 500.0000 
493 13.6538 0.4403 0.1000 4.1303 4.8284e-01 0.0691 0.0000 0.0000 500.0000 
494 23.2771 0.5383 0.1000 2.9672 9.0628e-02 0.2454 0.0000 0.0000 500.0000 
495 26.7730 0.4275 0.1000 33.2107 2.6077e-01 0.4517 0.0000 0.0000 500.0000 
496 17.8895 0.6501 0.1000 8.6819 1.7621e-02 0.2769 0.0000 0.0000 500.0000 
497 17.0630 0.6989 0.1000 23.8995 5.4711e-02 0.0142 0.0000 0.0000 500.0000 
498 28.3126 0.4392 0.1000 39.5816 5.6178e-02 0.3059 0.0000 0.0000 500.0000 
499 17.2333 0.4040 0.1000 29.9746 1.1826e-01 0.2895 0.0000 0.0000 500.0000 
500 22.1039 0.5879 0.1000 37.2980 7.6915e-02 0.3845 0.0000 0.0000 500.0000 
501 17.3909 0.5293 0.1000 20.5054 1.1699e-01 0.0796 0.0000 0.0000 500.0000 
502 14.1769 0.6434 0.1000 29.2082 3.9663e-01 0.1677 0.0000 0.0000 500.0000 
503 23.0715 0.7732 0.1000 44.9136 4.4361e-01 0.4642 0.0000 0.0000 500.0000 
504 21.4462 0.6892 0.1000 5.4472 2.2791e-01 0.4147 0.0000 0.0000 500.0000 
505 13.8258 0.4607 0.1000 17.0654 2.9305e-01 0.3389 0.0000 0.0000 500.0000 
506 27.8432 0.7560 0.1000 9.2328 1.7200e-01 0.4766 0.0000 0.0000 500.0000 
507 28.6162 0.7965 0.1000 19.5738 4.4488e-01 0.0483 0.0000 0.0000 500.0000 
508 11.4227 0.6733 0.1000 7.4885 6.6347e-02 0.3349 0.0000 0.0000 500.0000 
509 26.1024 0.5285 0.1000 9.3262 1.6473e-01 0.4011 0.0000 0.0000 500.0000 
510 23.6668 0.4604 0.1000 27.5509 2.6166e-01 0.3547 0.0000 0.0000 500.0000 
511 28.2893 0.5215 0.1000 19.7843 2.4809e-01 0.1929 0.0000 0.0000 500.0000 
512 26.8544 0.7586 0.1000 11.0078 2.9148e-01 0.2163 0.0000 0.0000 500.0000 
513 24.0319 0.4766 0.1000 41.5428 3.2739e-01 0.1981 0.0000 0.0000 500.0000 
514 18.4525 0.6190 0.1000 34.5345 2.4045e-01 0.2559 0.0000 0.0000 500.0000 
515 11.4973 0.6379 0.1000 11.0368 5.0846e-02 0.3191 0.0000 0.0000 500.0000 
516 25.1511 0.5857 0.1000 8.4372 4.8069e-01 0.4934 0.0000 0.0000 500.0000 
517 20.1624 0.4315 0.1000 20.7361 4.4538e-01 0.0649 0.0000 0.0000 500.0000 
518 29.6654 0.5866 0.1000 31.9271 2.1881e-01 0.3623 0.0000 0.0000 500.0000 
519 12.6675 0.7093 0.1000 10.2458 4.6566e-01 0.0257 0.0000 0.0000 500.0000 
520 29.2735 0.5088 0.1000 20.2980 2.9465e-01 0.3566 0.0000 0.0000 500.0000 
521 28.4003 0.7101 0.1000 0.7935 1.9344e-01 0.3290 0.0000 0.0000 500.0000 
522 17.7639 0.7142 0.1000 22.3982 9.7680e-02 0.0204 0.0000 0.0000 500.0000 
523 13.6131 0.6041 0.1000 10.0440 1.6381e-01 0.4224 0.0000 0.0000 500.0000 
524 28.7248 0.7403 0.1000 44.6309 4.7720e-01 0.1907 0.0000 0.0000 500.0000 
525 12.2499 0.5845 0.1000 3.7813 2.9566e-03 0.4185 0.0000 0.0000 500.0000 
526 22.4452 0.4382 0.1000 30.3462 3.2071e-02 0.4378 0.0000 0.0000 500.0000 
527 16.2297 0.6443 0.1000 17.7619 2.6012e-01 0.3270 0.0000 0.0000 500.0000 
528 15.0895 0.7539 0.1000 9.7341 4.1581e-01 0.0794 0.0000 0.0000 500.0000 
529 24.1199 0.4180 0.1000 18.6382 2.2118e-02 0.4505 0.0000 0.0000 500.0000 
530 25.7198 0.4744 0.1000 13.8763 2.7428e-01 0.1494 0.0000 0.0000 500.0000 
531 11.3182 0.4958 0.1000 9.1008 2.7953e-01 0.4344 0.0000 0.0000 500.0000 
532 24.7980 0.7340 0.1000 9.0059 4.8901e-01 0.1751 0.0000 0.0000 500.0000 
533 12.9209 0.7294 0.1000 40.9077 1.7771e-01 0.4906 0.0000 0.0000 500.0000 
534 24.5104 0.5059 0.1000 43.5297 3.8113e-01 0.1830 0.0000 0.0000 500.0000 
535 21.5701 0.6170 0.1000 27.1709 2.5698e-01 0.2997 0.0000 0.0000 500.0000 
536 17.0283 0.5730 0.1000 21.1153 3.8006e-01 0.0100 0.0000 0.0000 500.0000 
537 15.6432 0.4000 0.1000 44.9518 2.4772e-01 0.1317 0.0000 0.0000 500.0000 
538 10.0771 0.5042 0.1000 19.2590 9.3790e-02 0.3800 0.0000 0.0000 500.0000 
539 24.7337 0.4879 0.1000 8.1950 2.4951e-01 0.0677 0.0000 0.0000 500.0000 
540 10.0739 0.5455 0.1000 27.7028 2.1263e-01 0.4777 0.0000 0.0000 500.0000 
541 29.2264 0.4161 0.1000 26.1724 2.0541e-02 0.4457 0.0000 0.0000 500.0000 
542 21.6344 0.6398 0.1000 3.0354 7.3485e-02 0.2954 0.0000 0.0000 500.0000 
543 17.3764 0.6054 0.1000 7.6103 1.8961e-01 0.0679 0.0000 0.0000 500.0000 
544 11.5550 0.7702 0.1000 23.5966 2.1615e-01 0.4973 0.0000 0.0000 500.0000 
545 21.6924 0.6078 0.1000 25.2761 4.7763e-02 0.1478 0.0000 0.0000 500.0000 
546 16.8791 0.6863 0.1000 12.5551 3.5945e-01 0.2486 0.0000 0.0000 500.0000 
547 13.0560 0.7637 0.1000 12.3773 3.6504e-01 0.3840 0.0000 0.0000 500.0000 
548 20.9796 0.7059 0.1000 9.8659 4.5737e-01 0.3123 0.0000 0.0000 500.0000 
549 16.2622 0.5304 0.1000 16.2879 1.4612e-01 0.1367 0.0000 0.0000 500.0000 
550 21.5016 0.5195 0.1000 29.5413 3.9408e-01 0.4499 0.0000 0.0000 500.0000 
551 23.0701 0.6780 0.1000 1.1595 5.0819e-02 0.2470 0.0000 0.0000 500.0000 
552 26.8171 0.4930 0.1000 41.3172 3.6695e-01 0.2874 0.0000 0.0000 500.0000 
553 14.9125 0.5726 0.1000 43.0007 1.3798e-01 0.2372 0.0000 0.0000 500.0000 
554 14.1844 0.4081 0.1000 6.0367 1.1241e-01 0.1325 0.0000 0.0000 500.0000 
555 20.8302 0.5220 0.1000 12.5130 1.1300e-01 0.2707 0.0000 0.0000 500.0000 
556 29.3918 0.4737 0.1000 40.1365 4.2265e-01 0.4986 0.0000 0.0000 500.0000 
557 28.8594 0.7920 0.1000 4.4113 1.3820e-01 0.3834 0.0000 0.0000 500.0000 
558 21.5541 0.7816 0.1000 16.2528 2.1455e-01 0.3418 0.0000 0.0000 500.0000 
559 22.8311 0.6260 0.1000 37.8764 3.6240e-01 0.1046 0.0000 0.0000 500.0000 
560 15.3086 0.7887 0.1000 2.1873 4.2577e-01 0.1910 0.0000 0.0000 500.0000 
561 22.2446 0.7369 0.1000 5.2890 1.8362e-01 0.1026 0.0000 0.0000 500.0000 
562 26.8273 0.6698 0.1000 6.9517 3.0234e-01 0.2923 0.0000 0.0000 500.0000 
563 15.3638 0.6128 0.1000 27.0671 2.7725e-01 0.4492 0.0000 0.0000 500.0000 
564 13.5705 0.5231 0.1000 16.0016 2.7493e-01 0.3435 0.0000 0.0000 500.0000 
565 13.2151 0.6432 0.1000 24.5028 2.1681e-01 0.4245 0.0000 0.0000 500.0000 
566 12.6755 0.5025 0.1000 42.1781 9.2503e-02 0.1496 0.0000 0.0000 500.0000 
567 27.2831 0.4372 0.1000 40.9196 2.6959e-01 0.3876 0.0000 0.0000 500.0000 
568 17.1587 0.4990 0.1000 0.6036 3.4394e-01 0.3937 0.0000 0.0000 500.0000 
569 20.6706 0.5789 0.1000 0.1292 3.8658e-01 0.2329 0.0000 0.0000 500.0000 
570 19.9763 0.7895 0.1000 22.9333 2.2384e-01 0.4497 0.0000 0.0000 500.0000 
571 10.6453 0.7876 0.1000 39.7694 1.5023e-01 0.2434 0.0000 0.0000 500.0000 
572 20.4254 0.7762 0.1000 11.0669 2.8247e-01 0.4789 0.0000 0.0000 500.0000 
573 23.2122 0.5460 0.1000 4.5529 4.4990e-01 0.3628 0.0000 0.0000 500.0000 
574 28.8081 0.5078 0.1000 28.2208 3.4383e-01 0.3958 0.0000 0.0000 500.0000 
575 16.0451 0.4334 0.1000 21.7441 3.3613e-01 0.3640 0.0000 0.0000 500.0000 
576 20.7845 0.6067 0.1000 17.0755 3.3437e-01 0.4010 0.0000 0.0000 500.0000 
577 11.5861 0.5959 0.1000 28.8803 2.5121e-01 0.2869 0.0000 0.0000 500.0000 
578 27.2297 0.6587 0.1000 44.4579 2.8607e-01 0.2628 0.0000 0.0000 500.0000 
579 17.0861 0.4170 0.1000 11.9666 2.4626e-01 0.1552 0.0000 0.0000 500.0000 
580 28.6405 0.5154 0.1000 22.6295 8.3588e-02 0.3433 0.0000 0.0000 500.0000 
581 13.9679 0.5950 0.1000 32.9896 8.9022e-02 0.3158 0.0000 0.0000 500.0000 
582 22.1994 0.6692 0.1000 11.5243 8.4759e-02 0.4962 0.0000 0.0000 500.0000 
583 18.7952 0.4489 0.1000 40.7307 2.7747e-02 0.3642 0.0000 0.0000 500.0000 
584 25.2737 0.4514 0.1000 44.9031 3.2195e-01 0.4811 0.0000 0.0000 500.0000 
585 25.9886 0.7904 0.1000 33.3326 4.9682e-02 0.3256 0.0000 0.0000 500.0000 
586 12.1778 0.6589 0.1000 28.4784 2.9541e-01 0.3056 0.0000 0.0000 500.0000 
587 13.8838 0.6480 0.1000 11.4100 3.1848e-01 0.1790 0.0000 0.0000 500.0000 
588 17.2621 0.5637 0.1000 21.7068 1.6745e-01 0.0991 0.0000 0.0000 500.0000 
589 15.6986 0.6388 0.1000 5.2236 9.3785e-02 0.0050 0.0000 0.0000 500.0000 
590 26.7019 0.5157 0.1000 37.0542 1.6612e-02 0.3603 0.0000 0.0000 500.0000 
591 26.0188 0.6021 0.1000 36.9873 2.5853e-01 0.4542 0.0000 0.0000 500.0000 
592 22.4019 0.5749 0.1000 38.3413 2.3703e-01 0.4588 0.0000 0.0000 500.0000 
593 16.1316 0.7322 0.1000 17.3454 1.2228e-01 0.1605 0.0000 0.0000 500.0000 
594 20.4936 0.6930 0.1000 22.3089 3.9205e-02 0.0692 0.0000 0.0000 500.0000 
595 24.6354 0.5777 0.1000 23.5573 4.8831e-01 0.4154 0.0000 0.0000 500.0000 
596 18.3062 0.6918 0.1000 5.1544 4.7802e-02 0.4710 0.0000 0.0000 500.0000 
597 24.7824 0.7078 0.1000 2.7463 3.4019e-01 0.2733 0.0000 0.0000 500.0000 
598 29.1732 0.4678 0.1000 34.3564 3.1509e-01 0.1762 0.0000 0.0000 500.0000 
599 10.7959 0.6935 0.1000 20.5239 6.8116e-02 0.2737 0.0000 0.0000 500.0000 
600 13.5907 0.7193 0.1000 22.2506 1.6701e-01 0.4457 0.0000 0.0000 500.0000 
601 17.1533 0.6145 0.1000 35.1441 3.1128e-02 0.2461 0.0000 0.0000 500.0000 
602 17.8680 0.7889 0.1000 37.8136 2.6060e-01 0.4566 0.0000 0.0000 500.0000 
603 21.1147 0.7188 0.1000 26.3108 2.0392e-01 0.1148 0.0000 0.0000 500.0000 
604 20.7769 0.4094 0.1000 21.5979 1.0071e-01 0.1937 0.0000 0.0000 500.0000 
605 22.6487 0.5879 0.1000 5.8997 2.1132e-01 0.3444 0.0000 0.0000 500.0000 
606 13.2566 0.5997 0.1000 25.8496 4.3617e-01 0.0256 0.0000 0.0000 500.0000 
607 23.8204 0.6813 0.1000 2.9885 3.5610e-01 0.0809 0.0000 0.0000 500.0000 
608 27.7774 0.5624 0.1000 38.7120 1.0328e-01 0.0582 0.0000 0.0000 500.0000 
609 27.9642 0.4569 0.1000 11.8453 2.7864e-01 0.1519 0.0000 0.0000 500.0000 
610 16.2584 0.7140 0.1000 32.6220 8.0058e-02 0.0448 0.0000 0.0000 500.0000 
611 11.2974 0.6618 0.1000 4.4989 1.1385e-01 0.0491 0.0000 0.0000 500.0000 
612 13.5452 0.5989 0.1000 34.3602 3.1160e-01 0.1328 0.0000 0.0000 500.0000 
613 27.2235 0.6638 0.1000 7.4662 4.3890e-01 0.2008 0.0000 0.0000 500.0000 
614 14.8029 0.4101 0.1000 42.5845 4.6151e-01 0.2343 0.0000 0.0000 500.0000 
615 23.5486 0.6816 0.1000 22.1131 8.7719e-02 0.4106 0.0000 0.0000 500.0000 
616 19.3014 0.7101 0.1000 42.9618 1.8991e-01 0.2386 0.0000 0.0000 500.0000 
617 26.8242 0.4947 0.1000 26.9653 2.1211e-01 0.0453 0.0000 0.0000 500.0000 
618 29.3552 0.7800 0.1000 34.7032 1.6873e-01 0.0387 0.0000 0.0000 500.0000 
619 21.7874 0.6223 0.1000 24.8759 2.1077e-01 0.3172 0.0000 0.0000 500.0000 
620 26.4217 0.7187 0.1000 38.1211 4.6205e-01 0.4739 0.0000 0.0000 500.0000 
621 11.6819 0.5893 0.1000 16.6336 4.4795e-01 0.2170 0.0000 0.0000 500.0000 
622 12.4816 0.4004 0.1000 10.2610 2.7711e-01 0.4376 0.0000 0.0000 500.0000 
623 29.2778 0.4543 0.1000 18.8841 3.9835e-02 0.4428 0.0000 0.0000 500.0000 
624 21.4886 0.5611 0.1000 2.4056 7.6364e-02 0.3840 0.0000 0.0000 500.0000 
625 16.1161 0.4775 0.1000 20.4642 1.2253e-01 0.2542 0.0000 0.0000 500.0000 
626 23.5471 0.7929 0.1000 38.4075 2.6440e-01 0.2321 0.0000 0.0000 500.0000 
627 28.4325 0.4189 0.1000 22.5935 2.4250e-01 0.1119 0.0000 0.0000 500.0000 
628 19.2273 0.5291 0.1000 21.2088 2.8828e-01 0.1833 0.0000 0.0000 500.0000 
629 14.0911 0.7897 0.1000 37.9721 1.4954e-01 0.0923 0.0000 0.0000 500.0000 
630 11.6762 0.6000 0.1000 13.6114 2.4204e-01 0.1996 0.0000 0.0000 500.0000 
631 15.5825 0.7558 0.1000 33.3207 3.5267e-02 0.0185 0.0000 0.0000 500.0000 
632 18.3429 0.4121 0.1000 7.8352 2.0953e-01 0.1312 0.0000 0.0000 500.0000 
633 25.8342 0.4008 0.1000 26.3180 4.0721e-01 0.0081 0.0000 0.0000 500.0000 
634 16.1144 0.7124 0.1000 18.5573 4.8052e-01 0.1626 0.0000 0.0000 500.0000 
635 27.5010 0.4222 0.1000 4.0647 4.7770e-01 0.4166 0.0000 0.0000 500.0000 
636 12.9902 0.4026 0.1000 35.2954 3.7946e-01 0.1902 0.0000 0.0000 500.0000 
637 17.2197 0.6384 0.1000 7.5506 1.8621e-02 0.0743 0.0000 0.0000 500.0000 
638 19.5745 0.7190 0.1000 21.4248 4.5092e-01 0.0971 0.0000 0.0000 500.0000 
639 25.5392 0.4127 0.1000 30.7887 3.1921e-01 0.1554 0.0000 0.0000 500.0000 
640 18.1423 0.7589 0.1000 19.9241 1.3423e-02 0.2952 0.0000 0.0000 500.0000 
641 24.8225 0.7555 0.1000 33.1404 2.6644e-01 0.0063 0.0000 0.0000 500.0000 
642 12.3891 0.5031 0.1000 37.6853 9.5996e-02 0.3171 0.0000 0.0000 500.0000 
643 16.3937 0.4713 0.1000 26.7654 3.3898e-02 0.2575 0.0000 0.0000 500.0000 
644 25.8205 0.5794 0.1000 30.6247 6.3214e-02 0.2854 0.0000 0.0000 500.0000 
645 16.0364 0.6324 0.1000 2.5184 8.1178e-02 0.1649 0.0000 0.0000 500.0000 
646 26.0333 0.6740 0.1000 39.5501 1.6895e-01 0.1850 0.0000 0.0000 500.0000 
647 24.0026 0.5304 0.1000 34.4461 4.9487e-01 0.4340 0.0000 0.0000 500.0000 
648 12.1829 0.4110 0.1000 4.6771 3.3747e-01 0.0265 0.0000 0.0000 500.0000 
649 16.1792 0.6786 0.1000 36.1630 2.8469e-01 0.2411 0.0000 0.0000 500.0000 
650 24.3595 0.5267 0.1000 14.2319 8.2462e-03 0.0195 0.0000 0.0000 500.0000 
651 11.0684 0.7325 0.1000 26.6328 4.0664e-02 0.0821 0.0000 0.0000 500.0000 
652 17.9574 0.4653 0.1000 8.1117 8.6665e-02 0.2729 0.0000 0.0000 500.0000 
653 10.7695 0.5558 0.1000 21.4773 7.0987e-02 0.0552 0.0000 0.0000 500.0000 
654 20.4638 0.6933 0.1000 18.1902 3.5134e-01 0.0734 0.0000 0.0000 500.0000 
655 26.6535 0.7941 0.1000 11.5106 4.3272e-01 0.2420 0.0000 0.0000 500.0000 
656 12.6339 0.6820 0.1000 17.9772 3.9090e-01 0.3715 0.0000 0.0000 500.0000 
657 10.5112 0.5158 0.1000 18.3546 2.3350e-01 0.0049 0.0000 0.0000 500.0000 
658 29.2720 0.4059 0.1000 0.6460 3.6823e-01 0.4842 0.0000 0.0000 500.0000 
659 15.4419 0.5056 0.1000 4.6691 1.7813e-01 0.2398 0.0000 0.0000 500.0000 
660 16.2771 0.7275 0.1000 4.1499 2.1649e-01 0.0681 0.0000 0.0000 500.0000 
661 20.7568 0.4809 0.1000 34.7106 2.2218e-01 0.2673 0.0000 0.0000 500.0000 
662 12.3231 0.6600 0.1000 21.4645 8.1985e-02 0.0548 0.0000 0.0000 500.0000 
663 28.2245 0.4120 0.1000 18.3229 4.7948e-01 0.3110 0.0000 0.0000 500.0000 
664 16.2646 0.6258 0.1000 29.5538 3.9408e-01 0.4560 0.0000 0.0000 500.0000 
665 27.7403 0.4874 0.1000 29.0101 2.7616e-01 0.2007 0.0000 0.0000 500.0000 
666 21.5690 0.4718 0.1000 44.3446 3.5011e-01 0.4886 0.0000 0.0000 500.0000 
667 16.4360 0.7158 0.1000 19.8895 4.6226e-01 0.1304 0.0000 0.0000 500.0000 
668 27.1325 0.5421 0.1000 16.2796 1.3947e-01 0.2830 0.0000 0.0000 500.0000 
669 18.6021 0.6113 0.1000 41.8518 3.6761e-01 0.2151 0.0000 0.0000 500.0000 
670 12.9203 0.7681 0.1000 43.2800 7.9419e-02 0.3475 0.0000 0.0000 500.0000 
671 13.5342 0.7634 0.1000 17.4908 3.4093e-01 0.1918 0.0000 0.0000 500.0000 
672 19.7740 0.4720 0.1000 8.6892 8.9612e-02 0.2204 0.0000 0.0000 500.0000 
673 10.1516 0.6137 0.1000 13.2430 3.6051e-01 0.1159 0.0000 0.0000 500.0000 
674 11.5743 0.5557 0.1000 27.8437 2.9655e-01 0.0138 0.0000 0.0000 500.0000 
675 14.7966 0.5847 0.1000 16.7963 4.9809e-02 0.2439 0.0000 0.0000 500.0000 
676 25.8633 0.7702 0.1000 39.4835 1.0843e-01 0.3097 0.0000 0.0000 500.0000 
677 20.3693 0.4271 0.1000 12.2608 2.7487e-01 0.3300 0.0000 0.0000 500.0000 
678 28.8547 0.4888 0.1000 16.5286 2.2265e-01 0.3112 0.0000 0.0000 500.0000 
679 18.0484 0.6525 0.1000 42.0775 4.9539e-01 0.2222 0.0000 0.0000 500.0000 
680 22.6447 0.7603 0.1000 22.3674 4.7855e-01 0.3123 0.0000 0.0000 500.0000 
681 22.2348 0.6932 0.1000 36.1259 1.9829e-01 0.1897 0.0000 0.0000 500.0000 
682 27.2874 0.6978 0.1000 28.3598 3.8138e-01 0.2574 0.0000 0.0000 500.0000 
683 23.0997 0.7477 0.1000 27.6131 1.5316e-01 0.2511 0.0000 0.0000 500.0000 
684 27.2791 0.7822 0.1000 39.2857 7.2886e-02 0.0284 0.0000 0.0000 500.0000 
685 23.6126 0.7347 0.1000 8.5271 1.2465e-02 0.2964 0.0000 0.0000 500.0000 
686 29.0344 0.4177 0.1000 25.2098 2.8268e-01 0.4705 0.0000 0.0000 500.0000 
687 20.2674 0.7032 0.1000 6.5661 1.1231e-02 0.4617 0.0000 0.0000 500.0000 
688 11.5199 0.6545 0.1000 23.9159 4.8250e-02 0.0541 0.0000 0.0000 500.0000 
689 15.6297 0.4496 0.1000 40.5928 3.5081e-01 0.0257 0.0000 0.0000 500.0000 
690 10.6132 0.4913 0.1000 23.8054 1.8450e-01 0.4770 0.0000 0.0000 500.0000 
691 28.1843 0.6934 0.1000 23.7369 9.0048e-02 0.0703 0.0000 0.0000 500.0000 
692 12.3171 0.4877 0.1000 18.4188 3.2615e-01 0.4066 0.0000 0.0000 500.0000 
693 21.4604 0.5981 0.1000 39.7521 3.4032e-01 0.1780 0.0000 0.0000 500.0000 
694 22.2997 0.5330 0.1000 10.5690 2.0927e-01 0.1765 0.0000 0.0000 500.0000 
695 19.8439 0.4016 0.1000 41.5890 1.4433e-01 0.2064 0.0000 0.0000 500.0000 
696 22.1505 0.5042 0.1000 27.0995 1.6535e-01 0.1952 0.0000 0.0000 500.0000 
697 14.7543 0.4894 0.1000 10.9023 1.1891e-01 0.4735 0.0000 0.0000 500.0000 
698 21.6310 0.5171 0.1000 29.6964 2.9393e-01 0.0424 0.0000 0.0000 500.0000 
699 27.9745 0.7700 0.1000 18.4089 1.3984e-01 0.3196 0.0000 0.0000 500.0000 
700 26.6440 0.5966 0.1000 32.9051 2.5311e-01 0.0923 0.0000 0.0000 500.0000 
701 12.7113 0.6395 0.1000 21.2894 1.7055e-01 0.1788 0.0000 0.0000 500.0000 
702 17.1943 0.4868 0.1000 29.3837 1.8388e-01 0.3560 0.0000 0.0000 500.0000 
703 11.5354 0.6194 0.1000 3.7529 4.2445e-01 0.1490 0.0000 0.0000 500.0000 
704 13.5949 0.7868 0.1000 5.0680 4.6624e-01 0.3012 0.0000 0.0000 500.0000 
705 14.6484 0.7737 0.1000 38.1094 2.1946e-01 0.2293 0.0000 0.0000 500.0000 
706 20.5797 0.5812 0.1000 22.7821 1.6165e-01 0.3562 0.0000 0.0000 500.0000 
707 17.3553 0.5364 0.1000 31.2886 5.1428e-02 0.1208 0.0000 0.0000 500.0000 
708 18.3222 0.5266 0.1000 5.7302 2.7655e-01 0.0320 0.0000 0.0000 500.0000 
709 18.0758 0.6643 0.1000 24.0949 8.6670e-03 0.1675 0.0000 0.0000 500.0000 
710 20.7324 0.6324 0.1000 17.9312 2.2568e-01 0.1886 0.0000 0.0000 500.0000 
711 23.3661 0.4394 0.1000 7.7087 3.9390e-01 0.0827 0.0000 0.0000 500.0000 
712 14.9182 0.5448 0.1000 35.6948 4.6196e-01 0.2390 0.0000 0.0000 500.0000 
713 28.7895 0.7209 0.1000 28.4257 1.6426e-01 0.3261 0.0000 0.0000 500.0000 
714 14.2196 0.7461 0.1000 10.1230 8.2232e-02 0.3903 0.0000 0.0000 500.0000 
715 25.5439 0.5483 0.1000 6.5133 4.3225e-02 0.1250 0.0000 0.0000 500.0000 
716 19.3942 0.4851 0.1000 5.5125 2.0283e-02 0.3014 0.0000 0.0000 500.0000 
717 27.9147 0.6785 0.1000 42.5200 5.5537e-02 0.2496 0.0000 0.0000 500.0000 
718 13.7072 0.7961 0.1000 26.8640 3.1644e-01 0.3626 0.0000 0.0000 500.0000 
719 25.7472 0.5050 0.1000 6.4000 3.9927e-01 0.3216 0.0000 0.0000 500.0000 
720 17.4003 0.4637 0.1000 44.1833 2.3530e-01 0.3497 0.0000 0.0000 500.0000 
721 10.4569 0.7320 0.1000 10.4773 1.6708e-01 0.1012 0.0000 0.0000 500.0000 
722 27.6916 0.5985 0.1000 1.1755 3.0498e-01 0.1950 0.0000 0.0000 500.0000 
723 19.2019 0.5924 0.1000 2.5300 1.2978e-01 0.1814 0.0000 0.0000 500.0000 
724 12.6381 0.5905 0.1000 17.7429 3.2085e-01 0.2928 0.0000 0.0000 500.0000 
725 28.4437 0.6767 0.1000 10.7533 6.7875e-02 0.1732 0.0000 0.0000 500.0000 
726 17.5613 0.5002 0.1000 3.1816 3.2622e-01 0.3132 0.0000 0.0000 500.0000 
727 22.3485 0.5130 0.1000 9.3585 1.4640e-01 0.4680 0.0000 0.0000 500.0000 
728 26.3890 0.5225 0.1000 9.1926 2.5361e-01 0.1603 0.0000 0.0000 500.0000 
729 25.2361 0.4723 0.1000 7.4203 9.8421e-02 0.4187 0.0000 0.0000 500.0000 
730 16.3273 0.4366 0.1000 30.9431 9.0555e-04 0.4231 0.0000 0.0000 500.0000 
731 14.8196 0.5553 0.1000 42.2008 3.4654e-02 0.3142 0.0000 0.0000 500.0000 
732 15.2060 0.4372 0.1000 43.2731 2.8940e-01 0.0450 0.0000 0.0000 500.0000 
733 13.6171 0.5578 0.1000 4.3863 2.8747e-02 0.0302 0.0000 0.0000 500.0000 
734 21.9512 0.4150 0.1000 26.4591 9.0872e-03 0.2730 0.0000 0.0000 500.0000 
735 26.3846 0.6022 0.1000 20.0416 4.5221e-01 0.0037 0.0000 0.0000 500.0000 
736 25.1830 0.5675 0.1000 43.8756 1.3054e-01 0.3267 0.0000 0.0000 500.0000 
737 19.5153 0.4447 0.1000 24.5595 4.6145e-01 0.3928 0.0000 0.0000 500.0000 
738 23.7523 0.5306 0.1000 44.9532 3.2548e-01 0.1847 0.0000 0.0000 500.0000 
739 23.3188 0.5813 0.1000 6.9865 2.5595e-02 0.1260 0.0000 0.0000 500.0000 
740 26.0754 0.6222 0.1000 37.7386 3.3882e-01 0.2227 0.0000 0.0000 500.0000 
741 17.1232 0.7751 0.1000 30.9684 1.1083e-01 0.3917 0.0000 0.0000 500.0000 
742 20.4332 0.6645 0.1000 27.0211 4.8656e-01 0.2083 0.0000 0.0000 500.0000 
743 19.9930 0.7061 0.1000 36.1846 2.5989e-01 0.4346 0.0000 0.0000 500.0000 
744 11.1612 0.4168 0.1000 39.9930 4.0853e-01 0.4107 0.0000 0.0000 500.0000 
745 17.8815 0.6294 0.1000 35.3745 9.2231e-02 0.3612 0.0000 0.0000 500.0000 
746 24.8235 0.5944 0.1000 16.0445 3.5365e-01 0.1377 0.0000 0.0000 500.0000 
747 19.0206 0.6823 0.1000 2.0164 3.1787e-01 0.0664 0.0000 0.0000 500.0000 
748 12.9382 0.5405 0.1000 44.4647 3.5929e-01 0.0649 0.0000 0.0000 500.0000 
749 19.8229 0.5413 0.1000 23.9051 4.1312e-01 0.1292 0.0000 0.0000 500.0000 
750 11.8913 0.5795 0.1000 4.9867 1.2438e-02 0.2311 0.0000 0.0000 500.0000 
751 24.4028 0.4245 0.1000 44.1973 4.2105e-02 0.4798 0.0000 0.0000 500.0000 
752 12.0014 0.7190 0.1000 20.3917 4.2270e-01 0.4737 0.0000 0.0000 500.0000 
753 11.8454 0.5247 0.1000 22.6884 3.1337e-01 0.4003 0.0000 0.0000 500.0000 
754 19.5089 0.4868 0.1000 16.0450 4.1751e-01 0.3936 0.0000 0.0000 500.0000 
755 16.3738 0.5468 0.1000 9.9426 1.7519e-02 0.1921 0.0000 0.0000 500.0000 
756 15.6543 0.5113 0.1000 1.6584 3.7935e-01 0.3212 0.0000 0.0000 500.0000 
757 15.1965 0.5234 0.1000 7.6468 3.2187e-01 0.2014 0.0000 0.0000 500.0000 
758 19.4114 0.4286 0.1000 30.6734 1.6016e-01 0.4407 0.0000 0.0000 500.0000 
759 10.0399 0.5384 0.1000 11.3610 4.8409e-01 0.2747 0.0000 0.0000 500.0000 
760 22.3922 0.5961 0.1000 18.9167 1.8203e-01 0.4172 0.0000 0.0000 500.0000 
761 24.6672 0.6524 0.1000 23.3834 1.5451e-01 0.1165 0.0000 0.0000 500.0000 
762 16.9205 0.5280 0.1000 4.5052 6.5537e-02 0.0459 0.0000 0.0000 500.0000 
763 19.8605 0.6334 0.1000 34.7210 3.8161e-02 0.1529 0.0000 0.0000 500.0000 
764 16.4937 0.5735 0.1000 4.1588 1.0627e-01 0.2602 0.0000 0.0000 500.0000 
765 20.8291 0.5361 0.1000 42.8783 2.7647e-01 0.2251 0.0000 0.0000 500.0000 
766 19.7123 0.7077 0.1000 1.4432 4.4701e-01 0.0964 0.0000 0.0000 500.0000 
767 17.5283 0.4813 0.1000 16.6144 3.4387e-01 0.3743 0.0000 0.0000 500.0000 
768 24.8432 0.4295 0.1000 19.0498 5.7607e-02 0.4276 0.0000 0.0000 500.0000 
769 14.8473 0.6024 0.1000 6.6492 4.5150e-01 0.0213 0.0000 0.0000 500.0000 
770 14.6779 0.4891 0.1000 30.6545 3.6714e-01 0.0521 0.0000 0.0000 500.0000 
771 18.4367 0.4129 0.1000 36.9817 4.9627e-01 0.2245 0.0000 0.0000 500.0000 
772 12.1224 0.4546 0.1000 11.4844 1.8508e-01 0.4274 0.0000 0.0000 500.0000 
773 26.1675 0.5674 0.1000 38.2835 3.7566e-01 0.4492 0.0000 0.0000 500.0000 
774 24.6324 0.4382 0.1000 12.2766 1.0766e-01 0.2930 0.0000 0.0000 500.0000 
775 12.2904 0.5776 0.1000 20.0015 2.7782e-01 0.0669 0.0000 0.0000 500.0000 
776 29.9199 0.4371 0.1000 37.7831 3.5042e-01 0.4608 0.0000 0.0000 500.0000 
777 22.9544 0.4359 0.1000 17.9652 1.3404e-01 0.4692 0.0000 0.0000 500.0000 
778 20.3073 0.6898 0.1000 44.8097 4.0663e-01 0.4651 0.0000 0.0000 500.0000 
779 15.0750 0.4945 0.1000 2.8970 3.4800e-02 0.2446 0.0000 0.0000 500.0000 
780 18.5091 0.4949 0.1000 18.4913 1.1500e-01 0.0369 0.0000 0.0000 500.0000 
781 12.9436 0.5081 0.1000 22.3821 1.5689e-01 0.0020 0.0000 0.0000 500.0000 
782 15.4961 0.7580 0.1000 25.6953 4.5452e-02 0.2852 0.0000 0.0000 500.0000 
783 10.3786 0.5959 0.1000 9.9046 4.8344e-01 0.2941 0.0000 0.0000 500.0000 
784 10.2628 0.6003 0.1000 29.8830 2.1281e-01 0.2230 0.0000 0.0000 500.0000 
785 27.6184 0.4074 0.1000 37.9947 4.3312e-01 0.2675 0.0000 0.0000 500.0000 
786 12.0030 0.6039 0.1000 20.9954 2.7725e-01 0.1204 0.0000 0.0000 500.0000 
787 22.2695 0.6871 0.1000 8.2745 3.4118e-01 0.2286 0.0000 0.0000 500.0000 
788 22.7432 0.6838 0.1000 19.2372 1.8232e-01 0.4898 0.0000 0.0000 500.0000 
789 28.4717 0.6018 0.1000 31.8009 1.6662e-01 0.0750 0.0000 0.0000 500.0000 
790 27.4672 0.7964 0.1000 40.2592 1.3909e-01 0.2114 0.0000 0.0000 500.0000 
791 13.1367 0.5044 0.1000 41.9743 3.3237e-01 0.0242 0.0000 0.0000 500.0000 
792 11.2128 0.4900 0.1000 13.6888 4.6563e-01 0.4743 0.0000 0.0000 500.0000 
793 16.1209 0.6229 0.1000 35.6534 2.7577e-01 0.3752 0.0000 0.0000 500.0000 
794 16.5017 0.7023 0.1000 23.5983 4.2139e-01 0.3797 0.0000 0.0000 500.0000 
795 18.5013 0.4160 0.1000 20.4754 1.4593e-01 0.3278 0.0000 0.0000 500.0000 
796 24.3380 0.6129 0.1000 12.8177 1.4777e-01 0.1841 0.0000 0.0000 500.0000 
797 14.2775 0.5794 0.1000 44.2765 4.8344e-01 0.4804 0.0000 0.0000 500.0000 
798 14.4374 0.4708 0.1000 44.9240 4.8925e-01 0.2962 0.0000 0.0000 500.0000 
799 26.0064 0.7439 0.1000 22.1354 4.0160e-01 0.2902 0.0000 0.0000 500.0000 
